epoch,phase,messages,loss,accuracy,accuracy_nn,temperature,length,length_nn,lexicon_size,actual_vocab_size,entropy_msg,entropy_max,entropy_msg_mc_ml,entropy_msg_mc_perks,entropy_msg_mc_james-stein,entropy_msg_mc_minimax,entropy_msg_1_ml,entropy_msg_1_perks,entropy_msg_1_james-stein,entropy_msg_1_minimax,redundancy_act,redundancy_max,kld_train_test,kld_test_train,mutual_info_sent_received,topsim,topsim_norm_max,topsim_cosine,topsim_cosine_norm_max,entropy_target,mutual_info_msg_target,proficiency_msg_target,entropy_target_category,mutual_info_msg_target_category,proficiency_msg_target_category,entropy_selected,mutual_info_msg_selected,proficiency_msg_selected,lexicon_size_nn,actual_vocab_size_nn,entropy_msg_nn,entropy_max_nn,entropy_msg_mc_ml_nn,entropy_msg_mc_perks_nn,entropy_msg_mc_james-stein_nn,entropy_msg_mc_minimax_nn,entropy_msg_1_ml_nn,entropy_msg_1_perks_nn,entropy_msg_1_james-stein_nn,entropy_msg_1_minimax_nn,redundancy_act_nn,redundancy_max_nn,kld_train_test_nn,kld_test_train_nn,topsim_nn,topsim_norm_max_nn,topsim_cosine_nn,topsim_cosine_norm_nn,entropy_target_nn,mutual_info_msg_target_nn,proficiency_msg_target_nn,entropy_target_category_nn,mutual_info_msg_target_category_nn,proficiency_msg_target_category_nn,entropy_selected_nn,mutual_info_msg_selected_nn,proficiency_msg_selected_nn
1,train,received,5.09239387512207,75.9375,77.125,1.5,3.666015625,4.7890625,4138,10,7.3125,11.9140625,7.276847240977006,7.276980180656978,7.280833032674927,7.317761475822931,7.106543287359258,7.10888002456723,7.17410909082442,7.2731776676364985,0.385986328125,0.443115234375,,,6.4296875,0.16900491877758392,0.2634292675891042,0.2286508393059247,0.19128168170908263,8.598731437377939,3.304417917148826,0.3842913272979789,3.4677094398512125,1.7843975045423806,0.5145752651695474,8.589295969500053,3.2525999058550967,0.3786806179930038,6736,10,6.9375,14.4609375,6.901049867042213,6.901183155629143,6.903723100241579,6.9424443907466955,6.684892863990611,6.687268323559399,6.730727809643177,6.855500128508221,0.5205078125,0.5625,,,0.32396006825479856,0.3130234761170321,0.3591228427938917,0.21935731732784358,8.598731437377939,3.653099647323975,0.42484169600230426,3.4677094398512125,1.9475593804865658,0.5616270377515046,8.589295969500053,3.5845266732414656,0.4173248524640263
2,train,received,2.3715710639953613,88.4375,89.4375,1.474609375,4.01171875,5.28125,1749,10,7.62109375,11.90625,7.595844385451304,7.595976044715626,7.600198447511223,7.63610541959955,7.392917762049627,7.395223575904416,7.465520320400227,7.556566362831126,0.360107421875,0.419921875,,,6.79296875,0.16141365152967882,0.2704881501290854,0.2251093457836447,0.16770780113392367,8.59475057893696,3.5851916005528635,0.41713736397878076,3.479884333026065,1.9225568797546453,0.5524772365301042,8.589292418038102,3.5433175469935634,0.41252729265013194,1833,10,7.296875,14.4765625,7.271135573470284,7.271268173226233,7.274292217727526,7.31195553115761,7.08049209824433,7.082826192029961,7.133806391052211,7.247056808366236,0.495849609375,0.53955078125,,,0.3271285069152236,0.3228664859414141,0.33011450053600494,0.18537698619551987,8.59475057893696,3.9853319923060484,0.46369373441421885,3.479884333026065,2.1101357370562033,0.6063809986526922,8.589292418038102,3.9245122028599218,0.4569075090071654
3,train,received,1.8724497556686401,90.875,91.6875,1.4501953125,4.04296875,5.328125,1763,10,7.8046875,12.1015625,7.786394352935915,7.786525597214029,7.791988398066383,7.826351679745352,7.637815236887195,7.640095740675736,7.7295529172324375,7.7989833865867455,0.35498046875,0.406005859375,,,6.96484375,0.13350781899936734,0.2449349094706993,0.1985194725079893,0.16352453466993785,8.593662157428714,3.7845052152569503,0.44038329014196453,3.482469598243102,1.9446956019943311,0.5584242868840622,8.589227682207,3.7436939648978065,0.4358592068356797,1864,10,7.46875,14.7578125,7.440618631399953,7.440750971243333,7.4444523162646705,7.481196086174444,7.239790681575283,7.242110618307881,7.302792715503512,7.404880303629976,0.494140625,0.52880859375,,,0.3137753460447642,0.3024086599168103,0.32695554459993237,0.18180334240720514,8.593662157428714,4.261743173621584,0.49591700203592,3.482469598243102,2.1770340243944153,0.6251408556424223,8.589227682207,4.204041115637619,0.48945507922050935
4,train,received,1.5890063047409058,92.3125,93.0625,1.42578125,4.09375,5.40234375,1894,10,8.0546875,12.2421875,8.031781115802826,8.03191119135781,8.03821661714173,8.071196257643862,7.8621801402522555,7.864436728048177,7.966960650842031,8.021027664192282,0.34228515625,0.38671875,,,7.2421875,0.16594743865620554,0.2645953354247578,0.20447527030518078,0.1934299519668461,8.594797799195003,3.878040465926766,0.45120787673329404,3.480373843205988,1.987048935149617,0.5709297405014466,8.59074983815163,3.84178504130152,0.4472001994796896,1920,10,7.796875,14.9140625,7.770243858655961,7.770374604767498,7.774404020252846,7.810092421028679,7.58490436095296,7.587186550794851,7.653729876678533,7.74636719047283,0.477294921875,0.5078125,,,0.3275352481813197,0.3424663216564191,0.34922829737211114,0.22657738291935126,8.594797799195003,4.368505626989144,0.5082732286498122,3.480373843205988,2.222096602263531,0.6384649185320335,8.59074983815163,4.328420844414972,0.5038466869553574
5,train,received,1.4318748712539673,92.9375,93.6875,1.40234375,4.140625,5.46484375,2014,10,8.0625,12.28125,8.033067443649301,8.033197231248852,8.03956151603353,8.072412923278423,7.885632015942044,7.887884451523398,7.9919794884906095,8.044136703452436,0.343505859375,0.38623046875,,,7.2421875,0.1492004514959205,0.2707494184686335,0.19664507364792005,0.18213411649728015,8.593755135729317,3.953164988237404,0.4600043782725158,3.4629980869675276,1.9663668541782098,0.5678221023506584,8.590413393550516,3.910470392660258,0.4552132957415238,2046,10,7.8046875,14.9609375,7.777335723034502,7.777466086961983,7.781430030789138,7.817083820048219,7.580758117314201,7.58304047041132,7.649413849730542,7.742245035232596,0.478271484375,0.50732421875,,,0.3259214881749762,0.3442881232614644,0.3319944870963601,0.22116683830265105,8.593755135729317,4.465666465315159,0.519640878147522,3.4629980869675276,2.204460800739083,0.6365758066789698,8.590413393550516,4.41931733586084,0.5144475746858423
6,train,received,1.3420472145080566,93.375,94.0625,1.37890625,4.15625,5.4921875,2157,10,8.109375,12.3515625,8.08385767005244,8.08398692265551,8.090685911352656,8.123024136615454,7.891596684389667,7.893849495488956,8.002808653615974,8.050100933628913,0.34326171875,0.38232421875,,,7.2890625,0.16243229070535417,0.2442591583313697,0.20916574422994846,0.18897405814383686,8.593432242907678,3.9740827940979475,0.4624558246069646,3.465103141302637,1.9887890817129428,0.5739480184608002,8.591757278609387,3.9377689648363496,0.4583193911494779,2281,10,7.83984375,15.03125,7.805720242995152,7.805850167580113,7.809816221144325,7.845335259129558,7.626520909145061,7.628795916716524,7.695052004978358,7.7873854220356735,0.478515625,0.50537109375,,,0.32222060464861607,0.3226026347820715,0.3395481543216989,0.2378590136605765,8.593432242907678,4.494364616099832,0.5229999479904104,3.465103141302637,2.232245503200633,0.6442075205765634,8.591757278609387,4.446066826473156,0.5174804969807958
7,train,received,1.2644524574279785,93.75,94.5,1.35546875,4.17578125,5.52734375,2487,10,8.34375,12.3515625,8.306657598526794,8.306785123495866,8.314143037746161,8.345176446639496,8.110209168453208,8.112435660478177,8.229412296827803,8.266270675431088,0.32421875,0.364501953125,,,7.6015625,0.1369543953235915,0.2717104843225465,0.21710819792963637,0.19696132548935957,8.594460467183728,4.002200541550273,0.46567211017281374,3.5177541019878094,2.0195283271209536,0.5740959341017499,8.590878039662515,3.973676700452671,0.4625460496711665,2603,10,8.2265625,15.0625,8.188658555001544,8.188785605310736,8.193468969336461,8.227183479088369,7.954383477266315,7.956620485081582,8.033645435195742,8.111674373744808,0.453857421875,0.48095703125,,,0.3430633961571058,0.3575526747967715,0.34605036481008133,0.22829530835500939,8.594460467183728,4.584499875832503,0.5334249768600975,3.5177541019878094,2.3045397526835583,0.6551167835697529,8.590878039662515,4.540512896683865,0.528527221050182
8,train,received,1.1947591304779053,94.1875,95.0,1.3330078125,4.1796875,5.53125,2576,10,8.25,12.3828125,8.219445578412335,8.219574015035542,8.226895428481622,8.258271305991135,8.046818524692826,8.049053630437127,8.168965200158837,8.20364781322119,0.333984375,0.3720703125,,,7.5,0.14182352857436326,0.2653067680386785,0.2231761839672814,0.19568490379124676,8.59850679620502,4.004103708084932,0.46567430868952225,3.488139395098405,2.0206183890679634,0.5792825802510565,8.596254502690709,3.9724965175976816,0.4621194633493288,2793,10,8.0859375,15.09375,8.059699798118638,8.059828336963886,8.064318892097436,8.098708914005345,7.84684110215695,7.849092133672285,7.923603951055033,8.00539785214935,0.464111328125,0.48974609375,,,0.33155277201078953,0.35214722527705744,0.34410068689601875,0.22226779270357547,8.59850679620502,4.591975679735132,0.5340433855052386,3.488139395098405,2.286149979836039,0.655406714263936,8.596254502690709,4.548991054119606,0.529182919455878
9,train,received,1.1187121868133545,94.5625,95.3125,1.310546875,4.1875,5.53515625,2606,10,8.3125,12.4140625,8.293138201508151,8.293266356183022,8.30110523669225,8.331816252132954,8.11686019612697,8.119086933772783,8.246273183191775,8.272911371782554,0.330078125,0.366943359375,,,7.5546875,0.15638050064604736,0.2640374216300494,0.22327483479525878,0.18541302292906264,8.595240155391878,4.033338700662798,0.4692525895431374,3.4822458236011093,2.0308303484262513,0.5831955730012479,8.590962312481041,3.997765099250328,0.46534543556806585,2779,10,8.171875,15.1484375,8.134209769505464,8.13433806436392,8.139099649940494,8.17307545531348,7.926548633436562,7.928790648105297,8.006712746376856,8.08425213833364,0.460693359375,0.484619140625,,,0.3331004950454728,0.3407059379028422,0.33280219628999025,0.2193235923962681,8.595240155391878,4.632589293206841,0.5389714783362711,3.4822458236011093,2.30479674496746,0.6618707758500492,8.590962312481041,4.584714672033542,0.5336671848010344
10,train,received,1.0448063611984253,95.125,95.9375,1.2880859375,4.19921875,5.55078125,2669,10,8.453125,12.4453125,8.42158424214638,8.42171116969281,8.430455577692687,8.459840941893777,8.26550890034239,8.26771917782441,8.413065378421738,8.41998762049248,0.32080078125,0.356201171875,,,7.71875,0.16463730722622566,0.27094119840827435,0.2075083356728585,0.19255281602417737,8.592177040434688,4.024743311210518,0.4684195044247949,3.4859942480838706,1.9789200583337117,0.5676773733695788,8.589733943345626,3.9942950074417567,0.46500800068855375,2964,10,8.3828125,15.1953125,8.349398515215446,8.349524930884867,8.355206411448846,8.387597117357133,8.137466640863384,8.139686013078135,8.234758187792666,8.29298255268854,0.447998046875,0.470947265625,,,0.33835248312908145,0.35141207971358923,0.3391274778008826,0.24056030844868798,8.592177040434688,4.64190349187005,0.5402476543517789,3.4859942480838706,2.256897621694849,0.6474186304051955,8.589733943345626,4.599748978501365,0.5354937660280783
11,train,received,0.9258669018745422,95.375,96.1875,1.2666015625,4.21875,5.578125,2620,10,8.4765625,12.5078125,8.445950790626073,8.446077900239663,8.455010063989535,8.484220452955249,8.258545244515872,8.26075686326372,8.403894320353272,8.413131036122707,0.322021484375,0.3544921875,,,7.7265625,0.15431721548019547,0.27077983289475616,0.19740536597163666,0.17734254277271194,8.593403130171808,4.085313769046234,0.47540115448587783,3.482432809875057,1.9963280672715173,0.5732567363857171,8.591244063850628,4.054123271573808,0.47189012923429097,2886,10,8.3671875,15.2265625,8.336481142860846,8.33660804159209,8.342313312753033,8.374806021196338,8.129635368091712,8.131856439001139,8.226498002671445,8.28528285345161,0.450439453125,0.47216796875,,,0.33307103895327284,0.3642853082537927,0.3086208044037139,0.22053727616649374,8.593403130171808,4.713836332282975,0.5485412776380166,3.482432809875057,2.286151631875339,0.6564811890677545,8.591244063850628,4.6782261724231144,0.5445341952404407
12,train,received,0.9320318102836609,95.4375,96.1875,1.24609375,4.21875,5.57421875,2675,10,8.4296875,12.484375,8.400996870747903,8.401124224474776,8.410239058847125,8.439375747355552,8.20068904880176,8.2029072188847,8.350718483909564,8.355897806931562,0.32470703125,0.358154296875,,,7.671875,0.15386895717640814,0.2564922857503625,0.1912886204160166,0.18375971410636885,8.595918116577867,4.0717308478868155,0.47368190258050274,3.452094146833667,1.9853338701014138,0.5751100015399069,8.594585863323323,4.041185826864103,0.4702013443264935,2907,10,8.3203125,15.25,8.29812811021737,8.298255140992532,8.304136596850116,8.336531992913935,8.046154713829669,8.048385973182418,8.143488402329872,8.202744718323466,0.454345703125,0.47509765625,,,0.3274022447442588,0.3531069919304408,0.3165036630501071,0.2244923138081808,8.595918116577867,4.7127286030645585,0.5482519190097578,3.452094146833667,2.27226023621364,0.658226612474577,8.594585863323323,4.659832836793896,0.5421823588591212
13,train,received,0.8875827193260193,95.5625,96.375,1.224609375,4.23046875,5.59375,2658,10,8.4296875,12.515625,8.398180640172075,8.39830818728331,8.40752058854853,8.43660767414206,8.199070075449072,8.20128981324234,8.349548043968584,8.354380603352208,0.32666015625,0.3583984375,,,7.64453125,0.14141616535125984,0.24241524003932444,0.17227138319622604,0.16952499294925596,8.593570959233737,4.098342911346991,0.4769080200522866,3.4826541421463535,2.002912212867656,0.5751108583045416,8.592576748039278,4.065589719259378,0.47315140015328894,2937,10,8.28125,15.265625,8.246903151390118,8.247030674373637,8.25287942934595,8.285474947329647,8.04267595592301,8.044907998815045,8.140894164892249,8.199327704352356,0.45751953125,0.4775390625,,,0.3087223598415538,0.3527422809111573,0.296551607248246,0.2194649681529129,8.593570959233737,4.7252649179076105,0.5498604643312269,3.4826541421463535,2.2961291106720676,0.6593043744668161,8.592576748039278,4.688704869728703,0.5456692453516471
14,train,received,0.8648304343223572,95.6875,96.4375,1.2041015625,4.2265625,5.5859375,2783,10,8.421875,12.515625,8.386599495913416,8.386727060038144,8.396059507730751,8.425041221709758,8.198023400953167,8.20024237309829,8.347750858428752,8.353290787904077,0.327392578125,0.35888671875,,,7.64453125,0.15204927141778105,0.2481230879894081,0.1755603274320483,0.17497133771984721,8.597423434170889,4.115828146492198,0.4787280954586503,3.4669159058833556,2.009320483835955,0.5795700093060056,8.596395563220067,4.086182895060244,0.47533676934820196,3134,10,8.296875,15.2890625,8.262963402791744,8.263090734080896,8.268934948453825,8.301470951326442,8.05549269644344,8.057721922867495,8.153596174018174,8.211923973071254,0.45751953125,0.476806640625,,,0.31199448949363295,0.34269974077351073,0.2947846475840837,0.21156044448911884,8.597423434170889,4.755571875023781,0.5531391947176317,3.4669159058833556,2.3081875048722207,0.6657754521692398,8.596395563220067,4.71861722360681,0.5489064793383349
15,train,received,0.8477259874343872,95.9375,96.6875,1.18359375,4.23828125,5.61328125,2793,10,8.4765625,12.65625,8.443460982450095,8.443588200939557,8.453723677771531,8.481763546604581,8.254341729306475,8.256554574550247,8.417897998704683,8.409020253670567,0.33056640625,0.354736328125,,,7.65625,0.17403635011526136,0.24781266766692062,0.19258757161608056,0.1891122650186513,8.597484267533822,4.131057077582055,0.4804960322151358,3.466982505831378,2.0230124823132423,0.5835081310363077,8.59782017598048,4.102030733496603,0.47710124770419665,3103,10,8.265625,15.40625,8.24294681030238,8.243074173217952,8.248821079717825,8.281486194532919,8.037562284411534,8.039794781249952,8.136172613269668,8.194260963259383,0.46337890625,0.478271484375,,,0.3188504875217783,0.3425867124853676,0.31674005705614106,0.2368110316550011,8.597484267533822,4.75637723083881,0.5532289542884119,3.466982505831378,2.297205584830274,0.6625950898126632,8.59782017598048,4.718669523685769,0.5488216114205552
16,train,received,0.8363467454910278,95.875,96.5625,1.1640625,4.25,5.6171875,2934,10,8.5234375,12.6015625,8.497510443879507,8.497637470052892,8.507779226388553,8.535705036141188,8.310078106964045,8.312284635563378,8.474190100150416,8.464156902578468,0.32373046875,0.35107421875,,,7.7734375,0.15607653652071174,0.2667616296245604,0.19404907986623252,0.18551267538366345,8.595096046300737,4.151015160824171,0.48295157360233754,3.4768257494153403,2.0411078645549896,0.5870607305811113,8.594220022448672,4.126989050560061,0.48020518904334447,3290,10,8.40625,15.3828125,8.374096414622535,8.374223375242341,8.380369846790648,8.412391284297861,8.128262180492175,8.130485059795248,8.230872645701803,8.284026356521878,0.45361328125,0.4697265625,,,0.32000799938305685,0.36183329467889874,0.3066112691679711,0.22440946908165227,8.595096046300737,4.823989457461394,0.5612490461392344,3.4768257494153403,2.352488779153454,0.6766196952921918,8.594220022448672,4.794165786410582,0.5578360542187545
17,train,received,0.8438615798950195,95.875,96.6875,1.14453125,4.2578125,5.63671875,3002,10,8.5,12.65625,8.469792857068475,8.469920066534545,8.480386925363813,8.508060959460318,8.292584283175241,8.294792799440355,8.46473734028303,8.44685296473883,0.32861328125,0.35302734375,,,7.71875,0.16602458621455637,0.25222130985539515,0.17020879185150206,0.17204810816290741,8.597139894634495,4.133059712665258,0.48074822130610145,3.4917236671912812,2.0558136393896405,0.588767564485801,8.595723204916311,4.11031402181502,0.47818129130357895,3366,10,8.328125,15.4140625,8.301211169597451,8.30133860600866,8.307322055775577,8.33969646494378,8.10699631323763,8.109220245412548,8.208545171329016,8.262905339159179,0.459716796875,0.474609375,,,0.31890942931909944,0.328970008974296,0.291081326759563,0.21640870352943098,8.597139894634495,4.784594838293184,0.5565333235160297,3.4917236671912812,2.3555896972565016,0.6746208811968566,8.595723204916311,4.745264272809903,0.552049450603046
18,train,received,0.8452355861663818,95.875,96.6875,1.1259765625,4.2578125,5.63671875,3004,10,8.4140625,12.5546875,8.385900790507055,8.386028307784208,8.395428216917974,8.424333727633107,8.227744611034062,8.229960625581832,8.38288189971357,8.382717158648077,0.329833984375,0.359619140625,,,7.6328125,0.1649332889802999,0.265143413796134,0.1831852405361086,0.16805599853718708,8.594338051913923,4.106771236296057,0.47784613678088866,3.4681612649301634,1.9975913414669666,0.575979946972619,8.59073216618231,4.078405251274964,0.4747447798838073,3262,10,8.2890625,15.359375,8.251300525882854,8.251428083695142,8.257109197976847,8.289871316240735,8.064975389657725,8.067203894131785,8.1623367461311,8.221325279921247,0.46044921875,0.47705078125,,,0.3114821817968099,0.3528594092716515,0.2892955117562702,0.19394537240362092,8.594338051913923,4.763672620284106,0.554280340325135,3.4681612649301634,2.3008899116407573,0.6634322154817934,8.59073216618231,4.7251889748359766,0.5500333246841094
19,train,received,0.8507499694824219,95.9375,96.75,1.1064453125,4.26953125,5.6484375,3089,10,8.4609375,12.609375,8.431783115313912,8.43191018905264,8.441530603120789,8.470062775123697,8.230406542053021,8.232621413837434,8.387282996434713,8.385298607492041,0.3291015625,0.35595703125,,,7.66796875,0.16797170621840488,0.2640894012766052,0.1836348973493486,0.1624854956115835,8.59470665749144,4.111724989552917,0.4784020157301119,3.483096582704663,1.9867905301673403,0.570409255957116,8.594641943684888,4.082081093064101,0.474956504274562,3528,10,8.3046875,15.3671875,8.266004491812417,8.266131438087717,8.271589348560303,8.30441945741476,8.071445891991058,8.07367275450075,8.164864244063212,8.227668840073363,0.459716796875,0.47607421875,,,0.3327382252508246,0.354720013709371,0.28445709080124626,0.21127477929981656,8.59470665749144,4.741057868238331,0.5516253267475817,3.483096582704663,2.294481571453556,0.6587476163729762,8.594641943684888,4.7044934361227355,0.5473751515127947
20,train,received,0.8087400197982788,96.0625,96.875,1.087890625,4.28125,5.66796875,3235,10,8.5625,12.6796875,8.524611016591509,8.524737561432818,8.53560064753555,8.562664142576988,8.328723326520624,8.330927847980494,8.505082373444944,8.482609315440122,0.324951171875,0.348388671875,,,7.8046875,0.17166203663421595,0.22531971225462166,0.19274506533768868,0.18120341423879938,8.594784632581375,4.119135161137983,0.47925984620057127,3.474575371841384,1.9677102901982355,0.5663167666889404,8.594374513402503,4.086035934883373,0.4754314497828087,3636,10,8.4765625,15.5078125,8.436971656545737,8.437097862862263,8.443193916149152,8.475020398997431,8.225904450608896,8.228114002970317,8.329506078532358,8.380480679171466,0.453369140625,0.465087890625,,,0.2961447631852921,0.32532075502171953,0.3202743765294611,0.2396683359826217,8.594784632581375,4.795260563491913,0.557926785659514,3.474575371841384,2.282829196930175,0.6570095486863385,8.594374513402503,4.761376794310982,0.5540108575540721
21,train,received,0.8282730579376221,96.0,96.8125,1.0703125,4.27734375,5.66015625,3210,10,8.4921875,12.6015625,8.462490227358304,8.462617263895238,8.472961695210675,8.500726098883748,8.277676773208666,8.279886410871635,8.444528832314198,8.432070356738416,0.325927734375,0.353271484375,,,7.734375,0.16537142564098256,0.23648576960988463,0.19650766039358233,0.1884204352458725,8.594686646019468,4.1388906411458315,0.48156387912789256,3.465180831268685,2.0151841834679107,0.5815523869010045,8.593991092105737,4.113060550762656,0.47859725553367494,3686,10,8.40625,15.421875,8.380695394297716,8.380821724881864,8.386822786122243,8.418839778485646,8.129893534717446,8.132114465416615,8.229290115791239,8.285531096863302,0.454833984375,0.469482421875,,,0.31667757645298195,0.3383557630558686,0.30049764377546395,0.23084194933317792,8.594686646019468,4.8340779080549225,0.5624495816021136,3.465180831268685,2.328588445532958,0.6719962273023443,8.593991092105737,4.801179181316014,0.5586669953295946
22,train,received,0.8294877409934998,96.0625,96.875,1.0517578125,4.27734375,5.66796875,3359,10,8.546875,12.7109375,8.511790847696227,8.511917615203346,8.522802348688542,8.549908746075918,8.311505284555016,8.313711176235428,8.489040006676982,8.465540813336954,0.327880859375,0.349609375,,,7.78125,0.15892136203693447,0.21727633677257716,0.19326200068066016,0.18370850692707802,8.597192558336275,4.14471929238845,0.4821014842071345,3.4805858985457263,1.9976366636026537,0.5739368950604883,8.597048344407876,4.118467345676191,0.47905597138524075,3866,10,8.4375,15.5546875,8.4081509421123,8.408277513532138,8.414291013768038,8.446315605161532,8.196326986482163,8.198540020654962,8.297023891176178,8.351228181097982,0.457275390625,0.467529296875,,,0.29731595445286185,0.32130395337690143,0.30841314166573003,0.2301644069387288,8.597192558336275,4.848772489409637,0.5639948688491362,3.4805858985457263,2.323722730101373,0.6676240144144355,8.597048344407876,4.809308942170556,0.5594139697142531
23,train,received,0.7856504321098328,96.1875,96.9375,1.0341796875,4.29296875,5.6875,3380,10,8.4765625,12.640625,8.45610855424059,8.45623568251135,8.466737102291413,8.49437176433244,8.233985205932617,8.236200705170878,8.404340972784786,8.388903756716536,0.32958984375,0.354736328125,,,7.703125,0.15445615357620157,0.25368251334906705,0.18502846920125868,0.16754121684397524,8.596460652237313,4.120203574022121,0.4792906919139794,3.4976626543934444,1.9907420585143871,0.5691635401183699,8.595424509110728,4.097684512368829,0.4767285790277705,3935,10,8.328125,15.4453125,8.300088269517586,8.300215665421483,8.306196013003134,8.338563769978904,8.120915451591529,8.123138275462551,8.224310945852144,8.276704830446175,0.46044921875,0.474365234375,,,0.3272794541916378,0.36483240504561204,0.29355688203317226,0.21792638986230597,8.596460652237313,4.798303191182454,0.5581719483510517,3.4976626543934444,2.3115213897198146,0.660876024397691,8.595424509110728,4.759998158781945,0.5537827891730747
24,train,received,0.8079845905303955,96.125,96.9375,1.0166015625,4.28125,5.6640625,3362,10,8.5,12.6640625,8.4739024581538,8.474029624337499,8.484562567753636,8.512155387535502,8.26117498001405,8.263388151701223,8.432160549399345,8.41584622756593,0.328857421875,0.35302734375,,,7.73828125,0.15020775146001164,0.23595864826536178,0.1768578329397171,0.161252275359135,8.591791518261921,4.1367175431617635,0.4814732217802466,3.4823512505109737,1.9964772209333175,0.5733129938113996,8.590363387891841,4.105774135900965,0.47795115881687544,3868,10,8.3671875,15.4453125,8.337726297223973,8.33785344627877,8.34375865637355,8.376103769758664,8.141727118923232,8.143946752791424,8.241379309791053,8.2972412186537,0.458251953125,0.47216796875,,,0.30593657217726045,0.33406946734401727,0.28038404952485757,0.20180224777547465,8.591791518261921,4.822049716340512,0.5612391439074386,3.4823512505109737,2.326723041870161,0.6681471438381626,8.590363387891841,4.77963267538906,0.5563947017801336
25,train,received,0.8068810701370239,96.0,96.8125,1.0,4.296875,5.69140625,3497,10,8.5546875,12.671875,8.522346213098709,8.522472708012826,8.533113972168316,8.560391244892752,8.351372648236822,8.353573319697729,8.523920983475485,8.504934839315812,0.3251953125,0.3486328125,,,7.76953125,0.16841783326807497,0.2630123659346319,0.20176218162701515,0.18189993664639234,8.595655111686476,4.162276865065072,0.48423032462134574,3.475282013842328,2.0399118663164986,0.5869773613166832,8.593628343607293,4.121128485660362,0.47955628529432803,4041,10,8.4453125,15.4765625,8.420391912182183,8.420518142534341,8.42637248510291,8.458466449915942,8.180552495192359,8.182766920831998,8.277320672812479,8.335598403311192,0.453857421875,0.467041015625,,,0.32928737639116856,0.35407597682850034,0.3047326470964053,0.21353748092563288,8.595655111686476,4.857803472571458,0.5651463919215288,3.475282013842328,2.3746353266063833,0.6832928427529102,8.593628343607293,4.808095669043386,0.5594954164639987
1,test,,5.9693603515625,77.125,78.125,1.5,4.109375,5.421875,244,10,7.296875,12.140625,7.2349234336725505,7.235241059702426,7.244556884597582,7.297631080766927,6.477808051743935,6.503245375337467,7.169347801226982,7.014455574669123,0.39892578125,0.4443359375,3.197265625,3.205078125,6.4609375,0.17714578057035626,0.2790929707302612,0.28823764107013605,0.27468487986371465,6.658211482751794,3.2786915689623406,0.49242827108388565,3.186646652398159,2.023748729968103,0.6350715817347055,6.547344602321706,3.027908430868619,0.4624635810057889,231,10,6.8046875,14.6796875,6.722835436243815,6.7231571627234175,6.727960369349492,6.786992702462926,5.905448600175804,5.931596495968989,6.28474963834497,6.461612341214478,0.53662109375,0.57080078125,3.265625,3.2734375,0.3571292302867089,0.3417176068395773,0.4365627675672395,0.3251447683510271,6.658211482751794,3.625866048053119,0.5445705738614618,3.186646652398159,2.2058154781876027,0.6922058573791302,6.547344602321706,3.331404762808954,0.5088176910113497
2,test,,6.4562835693359375,78.1875,80.4375,1.474609375,4.0859375,5.48828125,286,10,7.59375,12.3203125,7.536852117033439,7.5371665945371715,7.547975455960907,7.598578488371356,6.799990720996848,6.825018789873047,7.597780456434186,7.325467999592294,0.383544921875,0.421875,3.3828125,3.287109375,6.7265625,0.175739320438964,0.2823231578912998,0.26167763443411285,0.25368518681144153,6.658211482751794,3.443781761853777,0.5172232469297423,3.186646652398159,2.052726443177816,0.6441650634948829,6.576258203616657,3.1946262095072493,0.4857817486166135,293,10,7.140625,14.9140625,7.080528537297356,7.080846905083427,7.085896473997092,7.143579635244115,6.265678408902618,6.291364843004498,6.655245782164562,6.809278557151099,0.521484375,0.54931640625,3.48828125,3.341796875,0.3462347599985848,0.3525377459028976,0.41426102620474253,0.3036351193585366,6.658211482751794,3.8442853224371643,0.5773750702265689,3.186646652398159,2.276260998921723,0.7143123311800786,6.576258203616657,3.5578563082135846,0.5410153005027871
3,test,,6.517647743225098,78.9375,82.0625,1.4501953125,4.19140625,5.51953125,303,10,7.86328125,12.3125,7.815667760967605,7.815978797624819,7.828543753532802,7.8764095975085215,7.029766077051498,7.054502269950776,7.922930081276758,7.547278007126168,0.361572265625,0.4013671875,3.583984375,3.484375,7.0859375,0.1678018296185152,0.29975904112486795,0.25079716721938583,0.24734395881324742,6.658211482751794,3.568426314091796,0.5359436724615706,3.186646652398159,2.07560097829419,0.6513433099751318,6.574836552799982,3.280397166711526,0.498932124071514,298,10,7.46875,14.921875,7.4120528744139875,7.412367739932752,7.418695158505161,7.474019057644796,6.569479543775997,6.594785771499432,7.075443391575568,7.102661145132413,0.499267578125,0.52880859375,3.78125,3.59375,0.3623214977926106,0.36992374592095245,0.37768238337573284,0.28093324789481144,6.658211482751794,4.003947988783095,0.6013548832378466,3.186646652398159,2.3167040560538625,0.727003746810269,6.574836552799982,3.6801798427825734,0.5597370844474179
4,test,,5.8805389404296875,80.9375,83.1875,1.42578125,4.16015625,5.578125,326,10,8.2578125,12.4375,8.195035383781406,8.195340923416085,8.210109083974894,8.25431388527939,7.330825645213474,7.3551815315720495,8.420936700883118,7.837940979246037,0.33642578125,0.37158203125,3.50390625,3.44140625,7.57421875,0.1753478538138412,0.2993565441220254,0.25557468841018444,0.2587333950259967,6.658211482751794,3.683084873685237,0.5531642969326416,3.186646652398159,2.1507563604458317,0.674927783043422,6.574063888089424,3.4164327202789986,0.5196835288547665,342,10,8.015625,15.0625,7.959765958338564,7.960073141543846,7.967547466799481,8.01966441282974,6.9747681994925355,6.9995591997384095,7.5340232455618015,7.493890717854241,0.4677734375,0.494140625,3.677734375,3.587890625,0.36735126292655346,0.3955792456359671,0.39308079828687575,0.3168547714066486,6.658211482751794,4.169865033723295,0.6262740443924617,3.186646652398159,2.4191085236126364,0.7591392418083441,6.574063888089424,3.8639952005125817,0.5877635609098939
5,test,,6.450811386108398,78.9375,81.8125,1.40234375,4.19140625,5.55078125,319,10,8.171875,12.3828125,8.119836874425918,8.120142855572531,8.13381462519463,8.179303224613921,7.190757682859135,7.215287715152752,8.128203892208266,7.70265592285577,0.33984375,0.377685546875,3.53515625,3.451171875,7.46875,0.1805990656097734,0.293551763276065,0.2567676346094162,0.2568501655142998,6.658211482751794,3.687786316227003,0.5538704088598377,3.186646652398159,2.174004096250143,0.682223143445811,6.568602040225605,3.3578634432560897,0.5111990987873518,334,10,7.9375,15.0,7.846679922769071,7.846987688514821,7.854065335999627,7.906846171082464,6.808819028047887,6.833819006530816,7.3396282028042386,7.333659874934848,0.470947265625,0.499267578125,3.716796875,3.5859375,0.3591505669465369,0.36617166974401905,0.4064510712952709,0.32053527284099675,6.658211482751794,4.172378794026683,0.626651587267136,3.186646652398159,2.434378819540247,0.7639312057733851,6.568602040225605,3.8128338778097497,0.5804635224451494
6,test,,6.525861740112305,79.8125,82.9375,1.37890625,4.203125,5.58984375,329,10,8.125,12.484375,8.064999686640906,8.065306152091477,8.079250864378826,8.124630308466134,7.097862037818453,7.122510907807341,8.080306403651633,7.612997874942841,0.348876953125,0.381103515625,3.5546875,3.404296875,7.41015625,0.20954390252863125,0.31131496770210526,0.2302184751135005,0.25089767005558233,6.658211482751794,3.694783326243593,0.5549212931753504,3.186646652398159,2.10231730913723,0.6597271484603099,6.583273218101946,3.4230811599521633,0.519966443218513,337,10,7.82421875,15.078125,7.742975049021865,7.74328316608056,7.74977451855487,7.803366366532635,6.758750845262965,6.7838137192282195,7.276077484843545,7.285313486123454,0.481201171875,0.50634765625,3.763671875,3.52734375,0.37120545664822213,0.38961060559287153,0.37515070569580844,0.3108265035508492,6.658211482751794,4.171789797547404,0.626563125601296,3.186646652398159,2.3602998988040254,0.7406845365261147,6.583273218101946,3.8456413085232137,0.584153381018564
7,test,,5.944144248962402,82.0625,85.0,1.35546875,4.21875,5.60546875,376,10,8.484375,12.5,8.413837530765862,8.414137502426486,8.429340386058524,8.471896210488266,7.379755080845802,7.40403853441075,8.391800174695167,7.8849753379254715,0.321044921875,0.35400390625,3.48828125,3.43359375,7.890625,0.1902335183742936,0.30371591615958654,0.2465433659883685,0.2633488865311298,6.658211482751794,3.718052773498002,0.5584161427028382,3.186646652398159,2.1377666076170643,0.6708514751732062,6.582535343509284,3.483062704256806,0.5291369544549858,390,10,8.390625,15.15625,8.299362672696013,8.299660767155304,8.30666668607988,8.357299021521422,7.124507209005223,7.149098439848334,7.672720094978982,7.638253508675707,0.4462890625,0.470458984375,3.6875,3.591796875,0.37796729090033676,0.38156261478592995,0.38961934823998096,0.3234302445350704,6.658211482751794,4.255262608550316,0.639099947421863,3.186646652398159,2.416308048660949,0.7582604261575471,6.582535343509284,3.975715323155443,0.6039793355725315
8,test,,5.359811782836914,82.1875,85.375,1.3330078125,4.265625,5.625,339,10,8.3203125,12.5625,8.258295247953237,8.258598274857414,8.274145982162953,8.317083024303942,7.367945265564043,7.392246092230139,8.41842950377837,7.873620934300141,0.337646484375,0.36669921875,3.501953125,3.455078125,7.61328125,0.1607536935786691,0.3023217585615939,0.25082657549744897,0.25138012678025506,6.658211482751794,3.73704225242553,0.5612681817191297,3.186646652398159,2.156744146666907,0.6768068072573458,6.5973688561979005,3.5025995951718345,0.5309085593844455,337,10,8.1015625,15.1953125,8.024919300266436,8.025222172294574,8.032522880256826,8.08404809444832,6.951801114538942,6.976618779128543,7.518760266017956,7.471671545204652,0.466796875,0.48876953125,3.779296875,3.654296875,0.36344730467310166,0.3845181373801855,0.3748310430655995,0.3114067001411755,6.658211482751794,4.235736117083219,0.6361672542327564,3.186646652398159,2.424622282764042,0.7608695118234573,6.5973688561979005,3.9659836221302127,0.6011462612711684
9,test,,5.983048439025879,81.4375,84.625,1.310546875,4.26171875,5.6015625,357,10,8.4296875,12.5,8.357499540225447,8.357801091909227,8.372597807563583,8.415890537190743,7.3817670782055504,7.406051657125791,8.448934459543455,7.88698863223277,0.32568359375,0.358154296875,3.52734375,3.4609375,7.80078125,0.17637067321188332,0.30505688427713523,0.2505116343632464,0.25583527200849615,6.658211482751794,3.780464589409437,0.5677898034934445,3.186646652398159,2.1223784765063582,0.6660225334080043,6.589745999992446,3.5345575223432464,0.5363723461188487,359,10,8.2734375,15.078125,8.19976612367049,8.20006712256932,8.207286569919411,8.25830374692941,7.06425497358088,7.088925977050505,7.63436288915874,7.580152492210608,0.451171875,0.477783203125,3.80859375,3.6484375,0.35836337429569154,0.37477189759469093,0.3752410406107978,0.3120732153467516,6.658211482751794,4.307163577450668,0.6468949790207844,3.186646652398159,2.3972191929890654,0.752270161859647,6.589745999992446,4.02448909154582,0.6107199111392811
10,test,,5.14254093170166,83.6875,84.75,1.2880859375,4.2265625,5.625,386,10,8.78125,12.5234375,8.729612706682707,8.729910130724818,8.751377677312854,8.786767426552684,7.712520535974803,7.7363866102894745,9.073605346866124,8.206307653554317,0.298583984375,0.3310546875,3.509765625,3.521484375,8.1875,0.2112353672361392,0.29922150667809716,0.24336112723739553,0.2648680748966697,6.658211482751794,3.7920515351621074,0.5695300524751248,3.186646652398159,2.155591581235952,0.6764451212730879,6.5979268270612454,3.551048248819777,0.538206673383408,398,10,8.78125,15.1640625,8.687776083829464,8.688072056154995,8.703464766035044,8.744763002242607,7.574309671625219,7.598344371657455,8.661062416254147,8.07275262993961,0.4208984375,0.44580078125,3.80859375,3.703125,0.3547984065568725,0.36689187274677243,0.40843133613289184,0.34163969415420264,6.658211482751794,4.371596706427802,0.6565722217974744,3.186646652398159,2.423895311600078,0.7606413813643063,6.5979268270612454,4.080796545799814,0.618496787363952
11,test,,5.64925479888916,82.6875,85.875,1.2666015625,4.28125,5.61328125,410,10,8.921875,12.515625,8.854956879594607,8.855252474856098,8.877078476816761,8.911626260766978,7.754504905735047,7.778320943613323,9.185106655477167,8.246899065762133,0.286865234375,0.320556640625,3.556640625,3.537109375,8.3984375,0.15272420523613334,0.3035763776079425,0.23048496283117892,0.25566988012512415,6.658211482751794,3.804676622073293,0.5714262203790568,3.186646652398159,2.091070322547787,0.6561977371962845,6.599139241733345,3.5784716280809636,0.5422633917845676,419,10,8.984375,15.1171875,8.903861713812036,8.904154966345365,8.921398995400207,8.960082518750259,7.787743566242681,7.811504069964144,9.007067468755993,8.278727011378258,0.40576171875,0.43310546875,3.88671875,3.76953125,0.3464081377612132,0.36940356206746633,0.385796219101198,0.3256261391682649,6.658211482751794,4.409168187391112,0.6622151006787835,3.186646652398159,2.396056563435283,0.7519053176580135,6.599139241733345,4.1366857955571685,0.6268523278606585
12,test,,4.663866996765137,84.625,86.25,1.24609375,4.2578125,5.61328125,399,10,8.7890625,12.546875,8.72415362312898,8.724449400123556,8.745523863084497,8.781065834288354,7.686016473170908,7.709915462597016,9.123889467136234,8.180708535504438,0.299072265625,0.33056640625,3.54296875,3.46875,8.2421875,0.2146493393774627,0.29212338991267534,0.2304740158706338,0.2612457170767161,6.658211482751794,3.793476841406564,0.5697441199087214,3.186646652398159,2.075764785220799,0.6513947141452444,6.601904895842076,3.563011800424313,0.5396945058491105,384,10,8.828125,15.1953125,8.724910196325538,8.725203117205838,8.739919273506901,8.781369892950352,7.52107773911086,7.545180200562316,8.601707958088198,8.021368861239031,0.4189453125,0.44287109375,3.90234375,3.669921875,0.35787721379034937,0.3705425262640712,0.3810541399180669,0.31937494368125935,6.658211482751794,4.369474073436921,0.6562534225228674,3.186646652398159,2.3764470240761293,0.7457516578713546,6.601904895842076,4.1162105614994715,0.6234883153333348
13,test,,6.481633186340332,81.6875,85.5,1.224609375,4.3046875,5.59375,365,10,8.59375,12.453125,8.521840458898923,8.522140066207626,8.53961187409164,8.579671653001425,7.515310401631568,7.539431109504619,8.763272216729302,8.016014247956434,0.309814453125,0.345703125,3.619140625,3.490234375,7.9765625,0.18346190717284502,0.29040702258008727,0.22744131210990823,0.24482198254254928,6.658211482751794,3.786080984886814,0.5686333326441672,3.186646652398159,2.03635400243794,0.6390272360148405,6.598644295853602,3.505369991556857,0.531225784326567,359,10,8.5546875,15.0390625,8.457512916559857,8.457810926979693,8.470182809222608,8.51519152019625,7.409176831584876,7.433415686127617,8.297743144483253,7.9132351423088565,0.431396484375,0.46044921875,4.02734375,3.705078125,0.34202682853700705,0.350229175633269,0.36175491236294294,0.3122698824818532,6.658211482751794,4.357702479409243,0.6544854411275374,3.186646652398159,2.3330587827651224,0.7321360154598074,6.598644295853602,4.025428740077348,0.6100387533552628
14,test,,4.929494380950928,82.9375,87.375,1.2041015625,4.2421875,5.61328125,394,10,8.7421875,12.515625,8.667296440725977,8.667594440282308,8.689366596121753,8.724643843354738,7.58372371158957,7.607757007827105,9.018436687045368,8.082046555437964,0.3017578125,0.33447265625,3.634765625,3.54296875,8.140625,0.15264283502164655,0.2557845877626369,0.2292732327615228,0.25934972404367956,6.658211482751794,3.8097926263770265,0.572194595537609,3.186646652398159,2.116594363060014,0.6642074236461514,6.593641287102733,3.5446676427516532,0.5375887902311397,402,10,8.7890625,15.1875,8.727202118016345,8.7274968730455,8.74380695049667,8.783937969260304,7.534070746233756,7.558154691893444,8.6210759672469,8.033872570119865,0.421142578125,0.4453125,4.03125,3.7734375,0.3068136792744052,0.3249925001792931,0.40276995015447103,0.3433223208126253,6.658211482751794,4.428359260339148,0.6650974171984302,3.186646652398159,2.4120782561105107,0.7569330770624553,6.593641287102733,4.128255935257609,0.6260965308095459
15,test,,4.656431198120117,84.75,87.0,1.18359375,4.23828125,5.68359375,389,10,8.6953125,12.6328125,8.654120782099866,8.654419595048108,8.678501956878202,8.711617310096738,7.7077773347323495,7.731653922287419,9.345947348261308,8.201816441923565,0.3115234375,0.337646484375,3.6015625,3.533203125,8.0625,0.1606361961878176,0.26117293745809933,0.21855704285373503,0.23616143309137452,6.658211482751794,3.8651390344804586,0.5805070993153589,3.186646652398159,2.128544815106266,0.6679575890550643,6.608406942709234,3.6200283274663807,0.5477913752663491,373,10,8.625,15.3359375,8.555029673419792,8.555328323072636,8.571278791839012,8.612652399587546,7.470535609739759,7.494705816722757,8.52364266947836,7.972647285997955,0.437255859375,0.45556640625,3.927734375,3.75390625,0.32170494532988947,0.3469061015811916,0.36398590769374495,0.30884945174182576,6.658211482751794,4.436083108783796,0.6662574657286784,3.186646652398159,2.409669390519869,0.7561771521503445,6.608406942709234,4.1469085677566735,0.6275201578395193
16,test,,4.484169960021973,84.625,87.25,1.1640625,4.28515625,5.63671875,413,10,8.7734375,12.5078125,8.71034267892826,8.710640125403692,8.732164876090346,8.767532565190482,7.7158233973622705,7.739683566214732,9.09572886044933,8.209462975860845,0.298828125,0.332275390625,3.609375,3.544921875,8.1796875,0.1612741687382123,0.29671336275941096,0.23067134755382576,0.2587664380621637,6.658211482751794,3.8079350027215124,0.5719155981431396,3.186646652398159,2.1177559300894027,0.6645719344175337,6.618006321973423,3.6112232295474485,0.5456663311966462,397,10,8.7890625,15.1640625,8.715747087685209,8.716042474255834,8.732285213946996,8.772595191437187,7.6650422000613165,7.6889638061684,8.850785470941256,8.16038077413818,0.42041015625,0.445556640625,3.994140625,3.76171875,0.33838376589879327,0.3531292889833173,0.3961069001451887,0.330548197528863,6.658211482751794,4.391546353993727,0.659568469005543,3.186646652398159,2.4090091962654503,0.755969976919943,6.618006321973423,4.169820113132879,0.6300719446713191
17,test,,4.111030101776123,85.125,88.25,1.14453125,4.265625,5.6328125,383,10,8.6484375,12.6015625,8.583496072277935,8.583795987424109,8.607801375593963,8.64127599793082,7.526951980421884,7.551059675370921,9.010582559862703,8.027288176436812,0.313720703125,0.341552734375,3.54296875,3.47265625,7.98828125,0.14626721253027153,0.26335295124367386,0.2203077007293335,0.2721430160845154,6.658211482751794,3.8173210236418136,0.5733252891607072,3.186646652398159,2.0884565554214243,0.6553775122352284,6.614929339997815,3.6233706427855674,0.5477565150811973,365,10,8.609375,15.328125,8.539028641360005,8.5393271584018,8.555666069507513,8.596648652969856,7.481219147634344,7.505370743529312,8.594258667342144,7.982863607910493,0.4384765625,0.45703125,3.859375,3.6640625,0.31269618335957555,0.3292594403763803,0.3886188361866493,0.32588545246575507,6.658211482751794,4.4413191802524,0.6670438738327418,3.186646652398159,2.384184234310289,0.7481796679641387,6.614929339997815,4.2065411419784775,0.6359162624071003
18,test,,6.050074100494385,82.1875,84.625,1.1259765625,4.2109375,5.66015625,347,10,8.359375,12.609375,8.307226953615997,8.307529728136755,8.328113073260319,8.365898091488685,7.328794151718316,7.3531543886969715,8.693729912830298,7.83601674584309,0.337158203125,0.36376953125,3.654296875,3.517578125,7.62890625,0.13816038985307091,0.25400438844021983,0.2254951337584011,0.24385786535832038,6.658211482751794,3.8215642457226977,0.5739625807354607,3.186646652398159,2.0560990966289294,0.6452234341958124,6.587124261331392,3.5424827741573903,0.5377889703634318,336,10,8.203125,15.4375,8.115164693417906,8.115468151857723,8.126440399173841,8.174238998459048,7.071195936313076,7.095867814410825,7.8359968285025925,7.58704339203709,0.46875,0.482421875,4.01171875,3.724609375,0.3197642370521991,0.3775315630380553,0.3683963962660307,0.29193751486490194,6.658211482751794,4.396591712169446,0.6603262337879908,3.186646652398159,2.3316565871355595,0.7316959931471649,6.587124261331392,4.074292029629708,0.6185236330741711
19,test,,5.5319414138793945,83.6875,86.25,1.1064453125,4.28515625,5.73828125,358,10,8.5703125,12.7578125,8.484850385529262,8.485151054997896,8.5090344062027,8.542908478899324,7.662646220524346,7.686581217818258,9.342365627669178,8.158271441944605,0.328369140625,0.34765625,3.537109375,3.5078125,7.83203125,0.16063875758073043,0.24229829338114559,0.2185675052900224,0.22081786879417578,6.658211482751794,3.8388247110016334,0.5765549383563697,3.186646652398159,2.060986315774975,0.6467570900036715,6.593645472176388,3.594351699526567,0.5451235912961766,351,10,8.40625,15.4921875,8.319894243969486,8.320194611657712,8.334002922714541,8.378158863319644,7.233000696643732,7.257470430331374,8.209319561861975,7.743305356166317,0.45751953125,0.4697265625,3.8046875,3.736328125,0.31099104525799326,0.3437581308237458,0.38239885259807743,0.32246291287901024,6.658211482751794,4.405016964077772,0.6615916264433837,3.186646652398159,2.3415581199265736,0.7348031882243357,6.593645472176388,4.127964271113016,0.6260518992918319
20,test,,4.849761486053467,83.6875,87.375,1.087890625,4.359375,5.765625,378,10,8.59375,12.7734375,8.525503902104345,8.525803158993126,8.54784643587012,8.583273684370065,7.549438871814245,7.573515014549025,9.013426439358415,8.048937236709065,0.327392578125,0.345947265625,3.552734375,3.486328125,7.89453125,0.21061107622695713,0.2568132964813797,0.24377147846172184,0.2568378557754172,6.658211482751794,3.8388872899610273,0.5765643371205207,3.186646652398159,2.0695612449814016,0.6494479842702114,6.606507047789731,3.6210426378827743,0.5481024407737866,372,10,8.4453125,15.5625,8.368783277284543,8.369082273895513,8.380097255347332,8.426749413887173,7.204693267489752,7.229192849924207,7.992647244040485,7.715860561840922,0.457275390625,0.46728515625,3.919921875,3.705078125,0.3327343163738225,0.35277633854383006,0.3863723276236587,0.32769251783783193,6.658211482751794,4.442696292048527,0.6672507029188551,3.186646652398159,2.362345098069496,0.7413263394897195,6.606507047789731,4.185797653689389,0.6335871018392066
21,test,,4.14132022857666,85.25,86.5,1.0703125,4.296875,5.6953125,378,10,8.640625,12.6875,8.564297394838364,8.56459750032536,8.590460957745128,8.622141121907424,7.606753799522445,7.630762336063094,9.266261146070018,8.104366273661043,0.31884765625,0.342041015625,3.576171875,3.541015625,7.9609375,0.12822079199656955,0.2111559835599704,0.2292818543629489,0.26798063552020773,6.658211482751794,3.8359042765278044,0.5761163168915222,3.186646652398159,2.1049190504802224,0.6605435996162717,6.601783797737468,3.6111895559564973,0.5470020931606556,368,10,8.6171875,15.484375,8.539666302394657,8.539964370404103,8.556546810472842,8.597221894157418,7.459862777863127,7.484048153505886,8.642240807669477,7.96237666855446,0.443359375,0.45654296875,3.875,3.771484375,0.29172074844945955,0.3093647974471899,0.4001920651142494,0.34325954388596863,6.658211482751794,4.462705975376512,0.6702559669270381,3.186646652398159,2.3897612807819533,0.7499297981417244,6.601783797737468,4.205012140474051,0.6369509013480831
22,test,,4.8604326248168945,84.1875,87.375,1.0517578125,4.28125,5.7265625,375,10,8.75,12.71875,8.68875872257223,8.689056303462767,8.714045760011027,8.746005601891685,7.6844219253347354,7.708330117519806,9.323916538991975,8.179307716327713,0.312255859375,0.333984375,3.568359375,3.529296875,8.125,0.18638607849997024,0.25547830849284864,0.25660759953017037,0.26591982372731376,6.658211482751794,3.8510255456729823,0.578387387611392,3.186646652398159,2.1421814065976266,0.6722368810440579,6.591212321142201,3.6148166570599427,0.5484297092759296,395,10,8.703125,15.46875,8.631219974919311,8.631517164124913,8.646230334318536,8.688480218813808,7.53599763222572,7.56007884045239,8.566270256175097,8.035726665474616,0.437255859375,0.450927734375,3.96484375,3.76171875,0.3303859310693206,0.36044558297911033,0.4018130998705335,0.34110782584659144,6.658211482751794,4.468553259159997,0.6711341733040257,3.186646652398159,2.4310691909781044,0.7628926128814961,6.591212321142201,4.20173523385781,0.637475327623748
23,test,,5.505941390991211,83.1875,87.0,1.0341796875,4.19921875,5.6015625,364,10,8.515625,12.546875,8.462981374914735,8.463282906460888,8.483321592528103,8.521201109113214,7.584822305354704,7.608851275137139,8.985944861283883,8.083050902694383,0.321044921875,0.3515625,3.6015625,3.552734375,7.82421875,0.16885965591422,0.2547034328565801,0.23381049861075695,0.2653209828643638,6.658211482751794,3.867462790856772,0.5808561054084115,3.186646652398159,2.0970607303012097,0.6580775840719695,6.601680228679356,3.5954730795053944,0.5446299964493518,376,10,8.3984375,15.234375,8.335224564482328,8.33552640352399,8.347584640759312,8.393677650459736,7.27104835981294,7.295465071663232,8.138034603568975,7.779942209317588,0.44873046875,0.47021484375,3.966796875,3.77734375,0.3365679801072595,0.337898269847437,0.3808547734309513,0.32091476920375317,6.658211482751794,4.444901191353248,0.6675818578108907,3.186646652398159,2.376984487189582,0.7459203189034926,6.601680228679356,4.128368347985944,0.625351153794344
24,test,,5.255670547485352,83.4375,87.875,1.0166015625,4.359375,5.75,363,10,8.6953125,12.75,8.639457530879872,8.639756521201358,8.667474594711887,8.69700559432367,7.705971984602302,7.729852427382799,9.479184315447014,8.200104732816083,0.318115234375,0.338134765625,3.533203125,3.5,7.9765625,0.20573703876009874,0.27815779412837927,0.23636161750064963,0.2505915301168484,6.658211482751794,3.8716895607273827,0.5814909260177539,3.186646652398159,2.099362544147229,0.6587999151293795,6.609143767171571,3.619983403238119,0.5477235071234221,363,10,8.578125,15.5,8.51721380458488,8.5175129725085,8.535206421744263,8.574972175417491,7.459161777120638,7.4833462379577815,8.635658051803262,7.961665338067798,0.446533203125,0.458740234375,3.92578125,3.751953125,0.3284251444881884,0.3538915049944217,0.3625166908240927,0.3115506948441713,6.658211482751794,4.486321530454784,0.6738027985558395,3.186646652398159,2.4127770854406494,0.7571523763467397,6.609143767171571,4.209244618910895,0.6368819876212604
25,test,,4.725077152252197,83.1875,86.5,1.0,4.3203125,5.73828125,382,10,8.59375,12.71875,8.518068754822243,8.518369079907933,8.542197652960972,8.576017694599274,7.45973124807754,7.483925031218765,8.96281170656642,7.962412060069756,0.32421875,0.345458984375,3.595703125,3.49609375,7.89453125,0.19414605239226362,0.28130646731324177,0.26217874498043536,0.26830891884469327,6.658211482751794,3.830536035851413,0.5753100582302739,3.186646652398159,2.088265725810424,0.6553176280899761,6.610411442020923,3.5767650031284086,0.5410805415819815,365,10,8.4609375,15.4921875,8.387832326953822,8.388133025281276,8.401365031854747,8.446031939970336,7.350444103693857,7.374762797496578,8.314318299037422,7.856640643107946,0.453857421875,0.466064453125,4.03515625,3.744140625,0.3511977429558375,0.3767108042389562,0.3961486066421883,0.3327274473496158,6.658211482751794,4.476524127328993,0.6723313218460396,3.186646652398159,2.381770305187483,0.7474221540675197,6.610411442020923,4.186267062088459,0.6332838884244459
