epoch,phase,messages,loss,accuracy,accuracy_nn,temperature,length,length_nn,lexicon_size,actual_vocab_size,entropy_msg,entropy_max,entropy_msg_mc_ml,entropy_msg_mc_perks,entropy_msg_mc_james-stein,entropy_msg_mc_minimax,entropy_msg_1_ml,entropy_msg_1_perks,entropy_msg_1_james-stein,entropy_msg_1_minimax,redundancy_act,redundancy_max,kld_train_test,kld_test_train,mutual_info_sent_received,topsim,topsim_norm_max,entropy_target,mutual_info_msg_target,proficiency_msg_target,mutual_info_msg_target_shape,proficiency_msg_target_shape,mutual_info_msg_target_color,proficiency_msg_target_color,mutual_info_msg_target_x,proficiency_msg_target_x,mutual_info_msg_target_y,proficiency_msg_target_y,entropy_selected,mutual_info_msg_selected,proficiency_msg_selected,mutual_info_msg_selected_shape,proficiency_msg_selected_shape,mutual_info_msg_selected_color,proficiency_msg_selected_color,mutual_info_msg_selected_x,proficiency_msg_selected_x,mutual_info_msg_selected_y,proficiency_msg_selected_y,lexicon_size_nn,actual_vocab_size_nn,entropy_msg_nn,entropy_max_nn,entropy_msg_mc_ml_nn,entropy_msg_mc_perks_nn,entropy_msg_mc_james-stein_nn,entropy_msg_mc_minimax_nn,entropy_msg_1_ml_nn,entropy_msg_1_perks_nn,entropy_msg_1_james-stein_nn,entropy_msg_1_minimax_nn,redundancy_act_nn,redundancy_max_nn,kld_train_test_nn,kld_test_train_nn,topsim_nn,topsim_norm_max_nn,mutual_info_msg_target_nn,proficiency_msg_target_nn,mutual_info_msg_target_shape_nn,proficiency_msg_target_shape_nn,mutual_info_msg_target_color_nn,proficiency_msg_target_color_nn,mutual_info_msg_target_x_nn,proficiency_msg_target_x_nn,mutual_info_msg_target_y_nn,proficiency_msg_target_y_nn,entropy_selected_nn,mutual_info_msg_selected_nn,proficiency_msg_selected_nn,mutual_info_msg_selected_shape_nn,proficiency_msg_selected_shape_nn,mutual_info_msg_selected_color_nn,proficiency_msg_selected_color_nn,mutual_info_msg_selected_x_nn,proficiency_msg_selected_x_nn,mutual_info_msg_selected_y_nn,proficiency_msg_selected_y_nn
1,train,received,4.233755111694336,28.625,28.828125,1.5,0.95556640625,1.3291015625,759,10,3.59765625,4.5078125,3.574762261217858,3.574805995706834,3.574820005196132,3.5985391207160813,3.405584810739493,3.4080092356419978,3.408797341744989,3.5759177892934355,0.2022705078125,0.6650390625,,,3.552734375,0.20028177679716144,0.2105952035433575,7.162105003080282,0.9273537612419309,0.12948061510451106,0.1873843449797814,0.03881651149102573,0.21305592099497517,0.04070909225965522,0.4415678532133658,0.12101011201548105,0.4399649685486269,0.12055429672969033,6.841197525493964,0.6707163178190725,0.0980407765335856,0.16853782156860042,0.033409622146552694,0.20141888530764174,0.03708969560460498,0.11681270457130744,0.03212786998718174,0.21643104947397962,0.05890554209240839,1227,10,3.9921875,5.421875,3.977520004588969,3.9775517394847615,3.9775631670695435,3.9967246381659898,3.575940190368948,3.5782341472652393,3.5789966713734174,3.7388446049343096,0.263671875,0.68505859375,,,0.2870291117411907,0.2870291117411907,1.2283942755009782,0.17151302235483418,0.30894153033133165,0.06274149721977702,0.3548302215674699,0.06656953690550571,0.5134686737156926,0.13708527681870494,0.5130063508880438,0.13694353085153335,,,,,,,,,,,
2,train,received,3.5615687370300293,35.78125,36.09375,1.4873046875,0.72021484375,1.0185546875,5,2,1.2939453125,3.533203125,1.291593450621464,1.291678418381166,1.2916563828840362,1.3280443206764019,1.2928444496663742,1.2956791988831058,1.2949565089569166,1.4945596443260558,0.6337890625,0.87939453125,,,0.81787109375,0.19813624845812758,0.20553067512378162,7.162105003080282,0.8015988705354615,0.11192224495322387,0.002345656727462675,0.0008795736298511253,0.0027077482966406663,0.0008811439299150021,0.48304842360931133,0.3245445322550465,0.48721615705045984,0.3272345570443046,7.034052081938871,0.790024101798346,0.11231422409095715,0.004937939930717228,0.0018648510437941999,0.005550079505566963,0.0018499127375447009,0.39075101402174006,0.2750781892361814,0.5267441344396442,0.36656160968314183,2,2,0.84814453125,4.05078125,0.8475618573508856,0.847648199055105,0.8476161376724138,0.8847880490470881,0.8487410367027934,0.8516252558420829,0.850563694108778,1.0551109760991728,0.79052734375,0.93310546875,,,0.2721245383141793,0.2721245383141793,0.820723131211161,0.1145924460557593,0.0017817538717430637,0.0008100162258975903,0.0020035574736025907,0.0007688740826186074,0.5004416166041912,0.49003825333395196,0.5046003649665618,0.4938682838966894,,,,,,,,,,,
3,train,received,3.514025926589966,36.34375,36.53125,1.4755859375,0.7109375,1.0185546875,5,2,1.283203125,3.53125,1.2834566481719722,1.2835417146397559,1.283519558993162,1.3199447027141828,1.2733669549187216,1.2762054863113346,1.275468864149757,1.4753680645719083,0.63671875,0.88037109375,,,0.8056640625,0.21414502874244964,0.22650196631938257,7.162105003080282,0.7993575364638594,0.11160930147213302,0.0014651711460675898,0.0005518104119203189,0.00172029333170709,0.0005619323911149037,0.4834061507412448,0.3273368226722856,0.48758702461258974,0.33005592482754675,6.909896538564567,0.7857145523039217,0.11370858419063143,0.004719751876280931,0.0018271091090247913,0.003620230364352217,0.001247934676624229,0.37455723715361255,0.27591685736600263,0.5011117616898861,0.3604280127910755,2,2,0.83349609375,4.046875,0.8336850059454334,0.8337714212781329,0.8337391768292383,0.8709475622022017,0.826263128960325,0.8291511730618083,0.8280789929427802,1.0329413682475843,0.7939453125,0.93408203125,,,0.30244148149713884,0.30244148149713884,0.8200898525983334,0.11450402531736532,0.0011637770899044497,0.0005323872619454557,0.0013040745972885404,0.0005030879045817625,0.5004770235007685,0.496732994663104,0.5046864434061789,0.500661989750776,,,,,,,,,,,
4,train,received,3.5054707527160645,36.5,36.6875,1.462890625,0.703125,1.017578125,5,2,1.2802734375,3.53125,1.2800406527271888,1.2801257544253957,1.2801035974853265,1.3165438261296554,1.2702000891573368,1.2730398325664183,1.2723013055627128,1.472279614421771,0.6376953125,0.880859375,,,0.80029296875,0.2155067680668415,0.22920679554428103,7.162105003080282,0.7993317987963029,0.11160570788232312,0.001169054452444307,0.00044052059910015595,0.0013126063308259717,0.0004289587061026358,0.4834197618530709,0.327657878792754,0.48757355070276187,0.3303611096185472,6.897212227623702,0.7843366050638243,0.1137179166276071,0.004624136526236278,0.0017824547291094763,0.006137131966382547,0.0021425544421760138,0.3745223793178267,0.27788375209031285,0.517075903644411,0.3742645439208879,2,2,0.8291015625,4.046875,0.828993517588674,0.8290799833125579,0.8290476624879898,0.8662742950685848,0.8274169986156328,0.830304902838365,0.8292331788458422,1.0340819529790524,0.794921875,0.9345703125,,,0.30832934817762503,0.30832934817762503,0.8194626881473428,0.11441645826121061,0.0009582393401501577,0.00043923236756754927,0.0011236656878139684,0.0004342159627247191,0.5004799945041611,0.49888336398880917,0.5046927140745723,0.5028315501144025,,,,,,,,,,,
5,train,received,3.4965009689331055,37.1875,37.34375,1.451171875,0.7099609375,1.017578125,5,2,1.279296875,3.53125,1.2776674215102493,1.277752583872215,1.277730397136162,1.3141888676477114,1.2781394470522676,1.2809779071825198,1.280246080384494,1.480115403407752,0.6376953125,0.880859375,,,0.80029296875,0.22443729875264992,0.23302343260567782,7.162105003080282,0.8007071618420301,0.11179774123636298,0.001062360430823972,0.0004005878001710417,0.0011710448381796468,0.00038292152876370544,0.48484278279972326,0.32902337371237195,0.4889821031700796,0.33171962258520193,6.861193825844538,0.786174693069132,0.11458278442853384,0.004012492271378676,0.0015738590223288976,0.005507570797924188,0.001947207377784177,0.3674933648943748,0.27835281918581845,0.47119578218599045,0.3458746177323169,2,2,0.82666015625,4.046875,0.8283197069396638,0.828406169773781,0.8283738464883794,0.8656007864575982,0.8260461150714362,0.8289343781068237,0.8278621193449514,1.0327359795192916,0.79541015625,0.9345703125,,,0.3016791377925137,0.3016791377925137,0.8194437128267993,0.11441380885568872,0.000782528583218145,0.0003589851021683806,0.0008825778845764631,0.00034128853967717315,0.5004757017235164,0.49976930677948317,0.5046846620779109,0.5037203396946506,,,,,,,,,,,
6,train,received,3.500847101211548,37.90625,38.15625,1.439453125,0.71826171875,1.017578125,5,2,1.2783203125,3.53125,1.2777854343891542,1.2778705882813963,1.277848414339277,1.3143058209584653,1.2779127851761014,1.2807514799953603,1.2800200004698106,1.4799018573089733,0.63818359375,0.880859375,,,0.798828125,0.21322459523692044,0.2222916133977413,7.162105003080282,0.7988099111101772,0.11153283996347786,0.0008786105358993268,0.00033145882980859225,0.0009587638852019964,0.0003136373200462435,0.4827217483628443,0.3278656562458007,0.4868806360044582,0.3305779019543016,6.865855429988637,0.7814174190075434,0.11381209915875501,0.0035563038251904544,0.001405017322637219,0.004661280528830858,0.0016460162521925315,0.37304622848922975,0.27834100383951577,0.46374675753649885,0.34256113247621095,2,2,0.82568359375,4.046875,0.825600124513459,0.825686636200485,0.8256542617676776,0.8628984152023204,0.8260461150714362,0.8289343781068237,0.8278621193449514,1.0327359795192916,0.7958984375,0.93505859375,,,0.2998481552261491,0.2998481552261491,0.8193400844119075,0.11439933986719342,0.0007594429631696542,0.00034835866950649853,0.0008643821484692893,0.00033422330354285765,0.5004620362983836,0.4996435745715409,0.5046640249498777,0.503586827815367,,,,,,,,,,,
7,train,received,3.46337890625,38.875,38.9375,1.427734375,0.70751953125,1.017578125,5,2,1.27734375,3.53125,1.2774033408916852,1.277488507802705,1.277466325235388,1.313927499262438,1.2763082199003564,1.2791472985852523,1.2784152557198296,1.478324582669768,0.63818359375,0.880859375,,,0.79931640625,0.229952310528752,0.2410853260547198,7.162105003080282,0.7993793519045189,0.11161234742589245,0.0008563021483567468,0.00032294910913108454,0.0009190628314161842,0.00030057433758076945,0.482278822596518,0.3273936102774876,0.48643439010778167,0.3301023462270265,6.909650724437319,0.7924272850004359,0.1146841304435061,0.0025609532113985978,0.0010167253867145252,0.0030283994966193717,0.0010518345104734955,0.3840072321133885,0.28518764900947385,0.47315395460281806,0.34640157657283355,2,2,0.82470703125,4.046875,0.8255130076999676,0.8255995021942804,0.8255671333069107,0.8628070510112698,0.8225355332660044,0.8254244166339636,0.8243514955479077,1.0292751446993076,0.7958984375,0.93505859375,,,0.3127465298235297,0.3127465298235297,0.8191333698865966,0.11437047760879004,0.0006337409776691061,0.00029093934919554703,0.0007041117043460332,0.00027244276492640094,0.500494894540954,0.5005771543600619,0.5046819517846384,0.5045121187047409,,,,,,,,,,,
8,train,received,3.473780632019043,39.65625,39.75,1.416015625,0.7109375,1.017578125,5,2,1.27734375,3.53125,1.2772119033124618,1.2772970966009605,1.2772749124663363,1.3137418186653402,1.2797147590068716,1.2825526281225572,1.2818186497020783,1.4816529258249151,0.63818359375,0.88134765625,,,0.84765625,0.21133972889930744,0.2232373484018057,7.162105003080282,0.7988035877025239,0.11153195706555181,0.000822943703724377,0.00031050485965096285,0.0008963838608204711,0.0002932692550091774,0.4840126544805674,0.32883116389034217,0.4881435359906332,0.33152479235599697,6.917218832322145,0.7824504422635332,0.11311633493614091,0.004429939057162713,0.0017564745250562312,0.00444696273976497,0.0015420259491112738,0.39788953807658345,0.29189064790351055,0.467092437122993,0.3424646586521455,2,2,0.82421875,4.046875,0.823724443511556,0.8238109624316999,0.8237785696947553,0.8610271103536132,0.8248921784890505,0.8277805814104542,0.8267078663435923,1.0315953285510837,0.79638671875,0.93505859375,,,0.2968339249211668,0.2968339249211668,0.8191769912417044,0.1143765681862235,0.0005403807567274654,0.0002481742609281166,0.0006146711959091888,0.00023791216174050208,0.5004889327759923,0.5009887740438428,0.5046850490616412,0.5049358765747296,,,,,,,,,,,
9,train,received,3.4731175899505615,39.875,39.9375,1.404296875,0.7119140625,1.017578125,5,2,1.2763671875,3.53125,1.2764102810383704,1.276495496620358,1.2764732785653592,1.3129475180268824,1.2777514399126808,1.2805899418057087,1.2798561458067033,1.4797313645952255,0.638671875,0.88134765625,,,0.84716796875,0.23293359245247966,0.2424452878713305,7.162105003080282,0.7987222390811515,0.11152059886550623,0.0008414209127209915,0.00031750792418453025,0.0009124546025844893,0.00029855273370378474,0.48354502060532845,0.3285720242630593,0.48766140897639065,0.3312563761080872,6.946499386357052,0.7814690341078225,0.11249825136998216,0.0045219935520215415,0.001797926918451714,0.005224872508378553,0.0017930296735183206,0.40449995479249257,0.2936105658521856,0.4656037698541331,0.33717777188592235,2,2,0.8232421875,4.04296875,0.8232333623431087,0.8233198826941018,0.8232874828190487,0.8605369064070691,0.8196247217937213,0.8225143411334915,0.8214395629849484,1.0264158966917365,0.79638671875,0.93505859375,,,0.31986693647550624,0.31986693647550624,0.8188991886177509,0.11433778034049463,0.0005179668585437724,0.00023797711621194458,0.0005886657034110954,0.0002279245709204088,0.5004778370513234,0.5014213916011533,0.5046754246636747,0.5053732447315974,,,,,,,,,,,
10,train,received,3.460716962814331,40.46875,40.59375,1.392578125,0.71337890625,1.017578125,5,2,1.275390625,3.53125,1.276348383431921,1.276433552126478,1.2764113393043113,1.312875630805607,1.2707012016539605,1.273540680839368,1.2728034370893428,1.4727648047370165,0.638671875,0.88134765625,,,0.84619140625,0.2019933857658415,0.21085444313583795,7.162105003080282,0.798780346596961,0.11152871205510406,0.0006716925651746308,0.0002533886939825574,0.0007385554039336384,0.0002415932773469764,0.4826887711134207,0.3278208421224092,0.486836172705285,0.3305251195258976,6.993022178590962,0.7825428835308728,0.11190338934239571,0.004507118898359863,0.0017762450887312022,0.004588471400469807,0.001556536379188532,0.42830112114264374,0.30458545284292665,0.45474019700262147,0.3242690351326429,2,2,0.82275390625,4.04296875,0.8224420205661744,0.8225285725132779,0.8224961545487688,0.8597544351682473,0.8196247217937213,0.8225143411334915,0.8214395629849484,1.0264158966917365,0.796875,0.93505859375,,,0.283578452176624,0.283578452176624,0.8189282435828772,0.11434183710385035,0.00045710246126429155,0.00021001625307243615,0.0004540077153425415,0.00017578863914024224,0.5004800703651799,0.5014390417257147,0.5046722385397286,0.5053855803135084,,,,,,,,,,,
11,train,received,3.4345932006835938,41.375,41.4375,1.380859375,0.7099609375,1.017578125,5,2,1.275390625,3.53125,1.2758371578356122,1.2759224238629943,1.2759001970849797,1.3123865311510132,1.2668668932480043,1.2697072090308825,1.2689662251467526,1.4689916213059806,0.638671875,0.88134765625,,,0.7958984375,0.2341643104472496,0.24466065104238294,7.162105003080282,0.7991129321551318,0.11157514889986238,0.0006113245422207925,0.00023075710828225193,0.0006507077351356472,0.00021297021622646787,0.4832419243362356,0.3285594735165514,0.48739678612349824,0.33127155959075233,6.98503959397209,0.7878702850496657,0.11279396121527752,0.003512412978309065,0.0013906283669386154,0.003475954665983494,0.001187495297245623,0.4326207321790543,0.31295068596096126,0.4662519237269116,0.33371509484406614,2,2,0.822265625,4.04296875,0.8224385052656065,0.8225250664967401,0.822492643773568,0.8597524656766053,0.8223670907685372,0.8252559924176605,0.8241822855626503,1.0291084392893561,0.796875,0.93505859375,,,0.3195987855368096,0.3195987855368096,0.8188738166175691,0.11433423780653695,0.00043051823051065696,0.00019786239771337323,0.000514225915069666,0.00019915585739567308,0.5004779481651953,0.5017703816465753,0.5046776221995337,0.505726898581397,,,,,,,,,,,
12,train,received,3.4302072525024414,42.09375,42.0625,1.369140625,0.70263671875,1.017578125,5,2,1.275390625,3.53125,1.2750474473102429,1.275132765855618,1.2751105300409151,1.3116101866456213,1.2752655834142845,1.278104356183469,1.2773688003005648,1.4772712469112654,0.638671875,0.88134765625,,,0.7958984375,0.21108485257067225,0.2226539604942824,7.162105003080282,0.7982783219738958,0.1114586174917251,0.0005364993334699975,0.00020257846229559641,0.0005979653983745337,0.0001957632017103228,0.4837695328037217,0.329110391403887,0.4878964185675416,0.33180484825267414,7.019545763762567,0.7866130383601995,0.11206039034904229,0.003219339203738514,0.0012596526874601884,0.0038934485568926647,0.0013149622536662326,0.42836766727788067,0.30434481471155855,0.4650146876198029,0.33011346499744737,2,2,0.82177734375,4.04296875,0.8215607925099125,0.8216473791238912,0.8216149399314652,0.8588819352400623,0.8196247217937213,0.8225143411334915,0.8214395629849484,1.0264158966917365,0.796875,0.93505859375,,,0.29861314971271563,0.29861314971271563,0.8188446461402588,0.11433016491493626,0.00042562444992721993,0.00019562173363989988,0.00048730471290525657,0.00018873636682119563,0.5004777862746987,0.5018176425918941,0.5046700027212054,0.5057670357508022,,,,,,,,,,,
13,train,received,3.420166492462158,42.21875,42.40625,1.3583984375,0.71826171875,1.017578125,5,2,1.275390625,3.53125,1.2752293216290425,1.2753145979877933,1.2752923944213927,1.311782857934158,1.2728195273401997,1.2756591952719898,1.2749252960160729,1.4748826961957209,0.63916015625,0.88134765625,,,0.79541015625,0.22754765755566358,0.2373472901415901,7.162105003080282,0.7978061290963336,0.11139268814869549,0.0005261290362854609,0.0001985812289168634,0.0005955708482696664,0.00019490992936095682,0.482512322997076,0.32801262160686984,0.48663218763604466,0.33070069108925443,7.035990900187861,0.7854553321100013,0.11163393234192921,0.0031939990569780363,0.0012485661402164836,0.00361051171827409,0.001214642082245155,0.44839178441794214,0.31583901940123094,0.470223825518314,0.332146429061796,2,2,0.8212890625,4.04296875,0.8214831432263233,0.8215697315176681,0.8215372913707536,0.8588052791471483,0.8225355332660044,0.8254244166339636,0.8243514955479077,1.0292751446993076,0.796875,0.93505859375,,,0.306689295921333,0.306689295921333,0.818815035131447,0.1143260305146728,0.0003718203863298797,0.0001709541816004509,0.00042019530870529564,0.000162793713169701,0.5004754994373446,0.5022088121489476,0.5046779271630477,0.5061713453417839,,,,,,,,,,,
14,train,received,3.419708728790283,43.46875,43.625,1.3466796875,0.7099609375,1.017578125,5,2,1.2744140625,3.53125,1.273852550809722,1.2739378318908123,1.2739155657126826,1.3104089499657785,1.2698627594099485,1.272702749267407,1.271965552232187,1.4719565178364593,0.63916015625,0.88134765625,,,0.79443359375,0.22829102662207412,0.23868228056359933,7.162105003080282,0.7978617840999662,0.11140045890933202,0.00046483031997279767,0.00017553563784898578,0.0005513192783519472,0.0001805089477179363,0.4838036414112086,0.3291974650110161,0.48795747451435734,0.33191074457310843,7.0299335470410504,0.7802124340705872,0.11098432564828214,0.00400160304992081,0.0015613448782955646,0.0054982596569166375,0.00184723503628759,0.4374511125030409,0.3086386635812507,0.4831959722579544,0.339855994872831,2,2,0.82080078125,4.04296875,0.8206582448197237,0.8207448416210142,0.8207123907701486,0.8579834875473151,0.8209959396875388,0.8238852001783592,0.822810957780665,1.0277622010523764,0.796875,0.93505859375,,,0.31416318470961285,0.31416318470961285,0.81880987868272,0.11432531055193491,0.0002949070972269041,0.00013562192901302018,0.0003235679231492483,0.00012538183014355447,0.50047491393524,0.5024560607138076,0.5046730020237682,0.5064160694901937,,,,,,,,,,,
15,train,received,3.4078903198242188,43.5625,43.65625,1.3359375,0.70654296875,1.017578125,5,2,1.2744140625,3.53125,1.2733889634814468,1.2734742468344118,1.2734519541616294,1.3099467238615559,1.2862817964400346,1.2891197899811986,1.2883993489037064,1.488195048192128,0.63916015625,0.88134765625,,,0.7939453125,0.17944946414763624,0.19054052139272626,7.162105003080282,0.7983906234124942,0.11147429744036452,0.0004903807019704942,0.00018518000903454176,0.0005738091894258446,0.000187868633983224,0.48455195789228966,0.3296927991776366,0.4887050538538089,0.33240529465743646,7.050181669450339,0.7819442279634663,0.1109112168487468,0.004354224508935189,0.0016883753853705497,0.0042907250802297625,0.00143847242928308,0.46041489038892713,0.323574340364918,0.4600651134526075,0.32100777313561124,2,2,0.82080078125,4.04296875,0.8201880200830973,0.8202746292516281,0.8202421702778451,0.8575166701878447,0.8209959396875388,0.8238852001783592,0.822810957780665,1.0277622010523764,0.796875,0.93505859375,,,0.26200581460214756,0.26200581460214756,0.8186600262102215,0.114304387586908,0.00033006114469813497,0.00015176321874802573,0.00033999556874686476,0.00013172895764473295,0.50047263653141,0.5022705468730249,0.504670004548454,0.5062284832240949,,,,,,,,,,,
16,train,received,3.399641990661621,44.03125,44.25,1.3251953125,0.708984375,1.017578125,5,2,1.2744140625,3.53125,1.2743378900207838,1.2744232068231862,1.2744009721907312,1.3109016087222423,1.2785686622535106,1.281407704899526,1.2806783053843869,1.480572416072686,0.63916015625,0.88134765625,,,0.79296875,0.20966480619365013,0.21916808330390528,7.162105003080282,0.7987813578796978,0.11152885325419797,0.0004961519602986186,0.00018729299295628903,0.0005499575938818779,0.0001800041570466557,0.4827394125421147,0.32824988804581573,0.4869184444655117,0.3309787739439045,7.04349572021212,0.7798009325085127,0.11071220363927876,0.004620009609018538,0.0017949061253928532,0.005689208288910841,0.0019052479291646553,0.4629571619187862,0.32482816306355133,0.4614440237063677,0.3236421293619552,2,2,0.8203125,4.04296875,0.8203672999388044,0.8204539085818567,0.8204214513286384,0.8576956257560202,0.8209959396875388,0.8238852001783592,0.822810957780665,1.0277622010523764,0.79736328125,0.935546875,,,0.29284967337314866,0.29284967337314866,0.8186712544928002,0.11430595532189287,0.00030358732473523276,0.00013960669245211728,0.0003055305843977507,0.00011838732861256206,0.5004755004867869,0.5024008612007007,0.5046728558375833,0.5063597230715664,,,,,,,,,,,
17,train,received,3.391326665878296,43.84375,44.0,1.314453125,0.71728515625,1.017578125,5,2,1.2744140625,3.53125,1.2735426497031703,1.2736279663217003,1.2736056954315027,1.3101082614240163,1.2688644817604064,1.2717045796681479,1.2709647376162636,1.470968507193959,0.63916015625,0.88134765625,,,0.7939453125,0.213640616929044,0.22404377659735547,7.162105003080282,0.7988225289777018,0.11153460171753189,0.00042009372416984547,0.00015859192543001113,0.000489808255315971,0.0001603259277422444,0.48276103587370756,0.3283027988968811,0.48689042626307977,0.33099823694230784,7.059137109564704,0.7829528700012833,0.11091339604955817,0.004897189728781726,0.0018987845607136911,0.004924518149189261,0.001646256590093307,0.45953348331963007,0.3215356475858205,0.4642232509857802,0.32450946014042276,2,2,0.81982421875,4.04296875,0.819852035619862,0.8199386322991069,0.8199061755532757,0.8571792300043141,0.8196247217937213,0.8225143411334915,0.8214395629849484,1.0264158966917365,0.79736328125,0.935546875,,,0.29681594707537984,0.29681594707537984,0.8185614240721725,0.11429062038606319,0.00019525666955022558,8.981337475321468e-05,0.00022509989481811488,8.724100176541927e-05,0.500472639231381,0.502682294940551,0.5046700072484258,0.506643267174576,,,,,,,,,,,
18,train,received,3.3562324047088623,44.28125,44.3125,1.302734375,0.7216796875,1.017578125,5,2,1.2744140625,3.53125,1.274308854201867,1.27439418523121,1.274371961841983,1.3108770508462915,1.2704498158811455,1.273289532504595,1.2725518926166153,1.47252679595589,0.63916015625,0.88134765625,,,0.7939453125,0.21736704498952286,0.22512009448748665,7.162105003080282,0.7978227268039162,0.11139500558296592,0.00043535853319198736,0.0001643562225529379,0.00048100136640005786,0.0001574445467645177,0.4828600590970922,0.3283758765054587,0.48696411172114384,0.33105411129568657,7.060819958849217,0.7941704948575261,0.11247567555694497,0.0019243241134745404,0.0007477149508275849,0.0019124227163036522,0.0006415217271586479,0.4607815285666952,0.32429790840537553,0.4791818014047866,0.33680605605161773,2,2,0.81982421875,4.04296875,0.819959172974294,0.8200457833952282,0.8200133221151495,0.8572885784356223,0.8182534371155883,0.821143415311558,0.8200681012040267,1.0250695262356462,0.79736328125,0.935546875,,,0.29402101901180494,0.29402101901180494,0.8185097965633504,0.1142834119593786,0.00024241279464476406,0.00011149518823028058,0.00025831836403789055,0.00010010863067830653,0.500472638711333,0.5025949784979293,0.5046700067283778,0.5065553069622926,,,,,,,,,,,
19,train,received,3.377497911453247,44.65625,44.78125,1.2919921875,0.70361328125,1.017578125,5,2,1.2734375,3.53125,1.2738044999404554,1.2738898272395516,1.2738675839763787,1.3103724781914645,1.276164028173623,1.2790031220329552,1.2782644660570588,1.4781818328293337,0.63916015625,0.88134765625,,,0.84326171875,0.21995468236308305,0.2315630687486452,7.162105003080282,0.797055723462819,0.11128791369576695,0.00041605473503292245,0.00015709197452533,0.00045402595052568273,0.00014863389567782942,0.48331189197801994,0.32877102179811485,0.4874507054126598,0.33147347558193846,7.07355748524938,0.7804230932754992,0.11032964599537501,0.00500790745530022,0.0019328219772328395,0.00430901830264574,0.001435072863590411,0.4620269337515168,0.3207744291947316,0.46669836925969754,0.32339130826060414,2,2,0.81982421875,4.04296875,0.819621461061046,0.8197080996868746,0.8196756261262101,0.8569577104142229,0.8182534371155883,0.821143415311558,0.8200681012040267,1.0250695262356462,0.79736328125,0.935546875,,,0.30327101425845787,0.30327101425845787,0.8185063192768255,0.11428292644757398,0.00024942238655700777,0.00011470603522242458,0.00028389147375129653,0.00011000860841671324,0.5004726383704083,0.502469298284294,0.5046700063874532,0.5064287000990652,,,,,,,,,,,
20,train,received,3.3593742847442627,44.5,44.59375,1.2822265625,0.7109375,1.017578125,5,2,1.2734375,3.53125,1.2729562744568197,1.273041597708188,1.2730193250702326,1.3095238650760082,1.2743355096273965,1.2771750136800215,1.2764512321140455,1.4763831065794326,0.63916015625,0.88134765625,,,0.79345703125,0.19983602149195606,0.21087343114471763,7.162105003080282,0.7972196774682931,0.1113108055697905,0.000324353941457467,0.00012257228120649759,0.0003626798341356263,0.00011881765961917598,0.48475506777893607,0.3302588319167343,0.4889096727785436,0.3329756792902731,7.067672097146574,0.7846317549645996,0.1110170002484097,0.0033852191091261474,0.0013101705673028092,0.003955715742849364,0.0013211760601604052,0.4659230352325352,0.3249090109650917,0.46355536650908213,0.3242294888472827,2,2,0.8193359375,4.04296875,0.8193445834622415,0.8194312192996025,0.8193987445383957,0.8566811684338874,0.8182534371155883,0.821143415311558,0.8200681012040267,1.0250695262356462,0.79736328125,0.935546875,,,0.2849662809636902,0.2849662809636902,0.8185384718105208,0.11428741570508716,0.0002529525879975125,0.00011634186026397997,0.00024624365270220494,9.542851332819879e-05,0.5004726384112166,0.5025856036950509,0.5046700064282614,0.5065458630415649,,,,,,,,,,,
21,train,received,3.375892400741577,44.9375,45.0,1.271484375,0.7060546875,1.017578125,5,2,1.2734375,3.53125,1.273115398702311,1.273200748516082,1.2731784728339388,1.309688843106386,1.2700517194748204,1.2728916889747182,1.2721573811035953,1.4721435435127115,0.63916015625,0.88134765625,,,0.79248046875,0.22755088072751836,0.23776696213205892,7.162105003080282,0.7978814412396618,0.11140320351300469,0.0003750476421293669,0.0001416494760969574,0.0004226824019077924,0.00013840753396424568,0.4841233874652797,0.3294938768830452,0.48828309317972884,0.3322117001473741,7.077173342946811,0.7760501714227097,0.10965538553554434,0.00419060177611108,0.0016117484365212394,0.005536879768102132,0.00184075712079214,0.4585326182164078,0.3169941702046402,0.4662527099654792,0.32221635854332203,2,2,0.8193359375,4.04296875,0.8193243214356709,0.8194109518602878,0.8193784787385875,0.8566596812386487,0.8196247217937213,0.8225143411334915,0.8214395629849484,1.0264158966917365,0.79736328125,0.935546875,,,0.3097289577740276,0.3097289577740276,0.8184668043002631,0.11427740921813578,0.00019519156529135273,8.979577334098632e-05,0.0001832327864228489,7.102297298998279e-05,0.5004726398732897,0.5028332467773277,0.5046700078903346,0.506795331920012,,,,,,,,,,,
22,train,received,3.3545985221862793,45.34375,45.5,1.2607421875,0.7080078125,1.017578125,5,2,1.2734375,3.53125,1.2738482079397961,1.2739335722547755,1.2739113456805404,1.3104242889555762,1.2756282074594771,1.2784675694665844,1.2777310177512846,1.4776623071666757,0.63916015625,0.88134765625,,,0.94873046875,0.20925608620060204,0.2205543597938144,7.162105003080282,0.7984357358203147,0.11148059620417781,0.00040576207513165485,0.00015319772077861636,0.00044524676019541687,0.00014575326416322782,0.4829998941191871,0.32852787829872965,0.48715770305417383,0.33124307676326953,7.081813326293846,0.7808776246122471,0.11026520873022036,0.0040236892285561154,0.0015486239603559038,0.004434732457566426,0.0014746577899272622,0.46408320908470113,0.32180431437708173,0.47557949975171177,0.3287208591134159,2,2,0.8193359375,4.04296875,0.8193016312013595,0.8193882722272132,0.8193557953067411,0.8566393165657544,0.8196247217937213,0.8225143411334915,0.8214395629849484,1.0264158966917365,0.79736328125,0.935546875,,,0.29368630135738344,0.29368630135738344,0.8184649798207957,0.11427715447746016,0.0002078238089815443,9.559495754006267e-05,0.0002462560466742758,9.544124271928138e-05,0.5004386052880063,0.5026596009419353,0.5046353803319672,0.5066200797839232,,,,,,,,,,,
23,train,received,3.342564821243286,45.9375,46.0625,1.25,0.70947265625,1.017578125,5,2,1.2734375,3.53125,1.2737737358277368,1.2738590848056537,1.2738368649156606,1.3103466587410275,1.2694878680738142,1.2723276888230612,1.2715915108991054,1.471574742249535,0.63916015625,0.88134765625,,,0.79248046875,0.20731961437641427,0.21785051211637224,7.162105003080282,0.7987468390716652,0.11152403360857453,0.00035085748705654396,0.00013247300677012117,0.00039067032552164704,0.00012789148788252996,0.4828025642726468,0.32841517442632323,0.48696667438397334,0.3311348738905813,7.0833461069716765,0.7809220318071393,0.11024761744149823,0.004001988193850892,0.001538656673305202,0.0036745561853059883,0.0012224581140007846,0.4789996501918914,0.3316020217362829,0.44919488994427503,0.31086311926194693,2,2,0.8193359375,4.04296875,0.8191096314913215,0.8191962687976881,0.8191637916451543,0.8564471005517285,0.8182534371155883,0.821143415311558,0.8200681012040267,1.0250695262356462,0.79736328125,0.935546875,,,0.2960253022113646,0.2960253022113646,0.8185240827145239,0.11428540664546144,0.0001827491778287893,8.407173724337993e-05,0.00020029353782469173,7.763586241942029e-05,0.5004726398732888,0.5028325935454984,0.5046700078903346,0.5067946738722391,,,,,,,,,,,
24,train,received,3.330512046813965,45.9375,46.125,1.240234375,0.716796875,1.017578125,5,2,1.2734375,3.53125,1.2729451949794561,1.2730305827588893,1.2730083035442563,1.309527311527617,1.2726268109599816,1.2754664999246432,1.2747317563772325,1.474691978371111,0.6396484375,0.88134765625,,,0.84326171875,0.22135094636736533,0.23345689905175787,7.162105003080282,0.7990448497223248,0.11156564297488952,0.0003187957823760357,0.00012039892742618211,0.00037444385021423443,0.0001226072756142795,0.4832361449601681,0.3288647997295592,0.487346692103344,0.33154918573949,7.083156788996203,0.7853562668629872,0.11087658938780667,0.003253669614121435,0.001252322263662756,0.003479748667468918,0.0011569078861657102,0.4593800197557609,0.3190855772342008,0.4737781869571842,0.32974118509569195,2,2,0.81884765625,4.04296875,0.8187980441825631,0.8188846990981997,0.8188522134592803,0.856140032104783,0.8182534371155883,0.821143415311558,0.8200681012040267,1.0250695262356462,0.79736328125,0.935546875,,,0.3108870589901783,0.3108870589901783,0.8183859642277206,0.11426612202358785,9.256749209463067e-05,4.2597393325815866e-05,9.699285342446018e-05,3.76049189298244e-05,0.5004726417581926,0.5031613238605529,0.5046700097752375,0.5071258276245569,,,,,,,,,,,
25,train,received,3.3265135288238525,46.1875,46.375,1.2294921875,0.7138671875,1.017578125,5,2,1.2734375,3.53125,1.273721474667638,1.2738068607070936,1.2737846400350057,1.3103025301708353,1.279811793166328,1.2826507005189567,1.2819267733053432,1.481802691326667,0.6396484375,0.88134765625,,,0.912109375,0.2080240490569044,0.21824281451096475,7.162105003080282,0.7985436864289779,0.11149566867360082,0.0003336989173901017,0.00012597938214323667,0.0003932743469814426,0.00012873059459084715,0.48217208613675844,0.32791560893953303,0.4863222272188432,0.33062539568966653,7.086681025744836,0.7852573614448417,0.11080749346444703,0.0028144916160206535,0.0010826566141597892,0.003680348099389441,0.0012243466295068306,0.46567235907011106,0.32269116866653624,0.4737355482565757,0.3281472187439581,2,2,0.81884765625,4.04296875,0.8189879975897587,0.8190746514076546,0.8190421677127807,0.8563293261085378,0.8196247217937213,0.8225143411334915,0.8214395629849484,1.0264158966917365,0.79736328125,0.935546875,,,0.2862677069712213,0.2862677069712213,0.8183372858054723,0.11425932535944688,0.00010750716526608528,4.947075433283227e-05,0.00011794061787639976,4.5725348684602046e-05,0.5004726415493277,0.5031273963593235,0.5046700095663725,0.507091650016125,,,,,,,,,,,
26,train,received,3.3234658241271973,45.90625,46.0,1.2197265625,0.7099609375,1.017578125,5,2,1.2734375,3.53125,1.2732822030534474,1.2733675908634075,1.273345323560507,1.3098643232771654,1.2713082082452316,1.2741480404562264,1.2734119029500743,1.4733869870114684,0.6396484375,0.88134765625,,,0.912109375,0.2093004892707997,0.22132682405960408,7.162105003080282,0.7984335206761937,0.111480286917436,0.0003630226461917019,0.0001371099013243529,0.0004187424658734784,0.00013711919782183134,0.48325313245292545,0.3289105444718155,0.4873714304406027,0.33160046737677656,7.085037236174211,0.7827176275094705,0.11047473731163106,0.003123431431631296,0.0012008626426643144,0.004271699474633905,0.0014215683230024067,0.4542560045813975,0.3150938710385398,0.4718022827129351,0.3265495802148825,2,2,0.81884765625,4.04296875,0.8188802651848688,0.8189669193916631,0.8189344346351725,0.8562218304258095,0.8196247217937213,0.8225143411334915,0.8214395629849484,1.0264158966917365,0.79736328125,0.935546875,,,0.2981899851104302,0.2981899851104302,0.818387728043615,0.11426636829418758,8.319285705482571e-05,3.828403207815033e-05,9.559093034372523e-05,3.7061892832774154e-05,0.5004726418626273,0.5031793105470408,0.5046700098796721,0.507143946904647,,,,,,,,,,,
27,train,received,3.3208513259887695,45.875,46.03125,1.2099609375,0.70556640625,1.017578125,5,2,1.2734375,3.53125,1.2732042900845992,1.2732896827801177,1.2732674090257035,1.309787333307181,1.273756505710637,1.2765960716699558,1.2758642791730048,1.4758099850802728,0.6396484375,0.88134765625,,,0.79296875,0.23056011390280523,0.2451126762053155,7.162105003080282,0.7975444357173538,0.11135614953625302,0.0003638463791650892,0.00013739725857327966,0.0003886209408481278,0.00012723668725356843,0.4833472388519482,0.32887211707203634,0.48749128105491746,0.3315787259635985,7.087961794242875,0.7849433547512217,0.1107431695510526,0.0031719539029149146,0.0012177882377263113,0.003543613470071705,0.0011779208764714816,0.46751210265162246,0.3248951804825333,0.4676607786698943,0.32430949754837507,2,2,0.81884765625,4.04296875,0.8189180199817658,0.8190046693900092,0.8189721866415556,0.856258711522754,0.8182534371155883,0.821143415311558,0.8200681012040267,1.0250695262356462,0.79736328125,0.935546875,,,0.3257615504172003,0.3257615504172003,0.8183439090177783,0.11426025011722454,0.00010874719937614685,5.004059508484671e-05,0.00011139026701290078,4.3185225909261974e-05,0.500472641444893,0.5031103447589006,0.5046700094619396,0.5070744727136097,,,,,,,,,,,
28,train,received,3.310654640197754,46.59375,46.75,1.19921875,0.7109375,1.017578125,5,2,1.2734375,3.53125,1.2736807563274284,1.2737661483094798,1.2737439027143986,1.3102633585846526,1.273811093298555,1.2766506531045816,1.2759184803456496,1.4758639879799986,0.6396484375,0.88134765625,,,0.79248046875,0.2193613064576584,0.22860925897646,7.162105003080282,0.7977852116042787,0.11138976756989276,0.0004117698480223808,0.00015553075023785654,0.0004250738259852227,0.00013919983006326856,0.483402823299401,0.3290487776355515,0.48751915067188456,0.3317376095880556,7.091429569831735,0.7840275786398299,0.1105598766679189,0.003577274569085631,0.0013745708159565008,0.004115092519322516,0.0013672852547989803,0.4650781783485174,0.32192234903881595,0.47844125280717353,0.3320684604075498,2,2,0.81884765625,4.04296875,0.8188805360872943,0.8189671856789461,0.8189347025557382,0.8562213384917045,0.8196247217937213,0.8225143411334915,0.8214395629849484,1.0264158966917365,0.79736328125,0.935546875,,,0.29804173363233977,0.29804173363233977,0.8183677270876568,0.114263575685597,0.0001267151796895405,5.830679859661558e-05,0.0001397447287958542,5.417659827562233e-05,0.5004726412360254,0.5030753412225447,0.5046700092530703,0.5070392111340316,,,,,,,,,,,
29,train,received,3.303922176361084,46.6875,46.75,1.189453125,0.71142578125,1.017578125,5,2,1.2734375,3.53125,1.2735384282388855,1.273623798863677,1.273601552688763,1.310116284939909,1.2719113077582846,1.2747510741490564,1.2740110967984548,1.4739838322474257,0.6396484375,0.88134765625,,,0.79296875,0.21306143569918237,0.22355955536248306,7.162105003080282,0.7971381346396691,0.11129942025379905,0.000382996537545921,0.00014464983702054774,0.00039932980199886003,0.00013075929706301534,0.48318037281572046,0.32884464980055855,0.4873253579603736,0.3315526179368436,7.089585978457098,0.7876334050295088,0.11109723577975719,0.002842890975776946,0.0010940937016772243,0.0026248842985818754,0.0008714975317896032,0.46691786988506045,0.3232076738491489,0.46846610471867045,0.32454929333799987,2,2,0.81884765625,4.04296875,0.8189238297404737,0.8190104788471878,0.8189779962158727,0.8562643445338834,0.8196247217937213,0.8225143411334915,0.8214395629849484,1.0264158966917365,0.79736328125,0.935546875,,,0.29545268617349374,0.29545268617349374,0.8184419526296046,0.11427393933454043,0.00011287515544911031,5.1940056038109626e-05,0.0001235024994139522,4.788102268035035e-05,0.500472641444893,0.5031095042500058,0.504670009461937,0.5070736260085384,,,,,,,,,,,
30,train,received,3.3117177486419678,46.96875,47.0625,1.1796875,0.712890625,1.017578125,5,2,1.2734375,3.53125,1.2733665399799559,1.2734519485707003,1.2734296599998318,1.3099530690014594,1.2759466885221846,1.2787860164661975,1.2780571717041145,1.4779775515310851,0.6396484375,0.88134765625,,,0.7919921875,0.23121124897588638,0.24219323204914905,7.162105003080282,0.7972541858100821,0.11131562375407769,0.00030858075268902496,0.00011651496642481038,0.0003251564317592326,0.0001064480330317182,0.4834121385616408,0.3288519703732728,0.48754819165817675,0.3315526242349016,7.0949817980364935,0.782018863606774,0.11022140519418872,0.0041375526091451675,0.0015833813337528418,0.004979303302032001,0.0016495458122194786,0.4603954655817333,0.31819491999584026,0.48251508271498533,0.33336762349179955,2,2,0.81884765625,4.04296875,0.8187223072785523,0.8188089578818974,0.8187764731515937,0.8560637186111258,0.8196247217937213,0.8225143411334915,0.8214395629849484,1.0264158966917365,0.79736328125,0.935546875,,,0.31826058579159905,0.31826058579159905,0.8183510116584397,0.11426124181458983,0.00011935468823587314,5.49207996833263e-05,0.0001269259021405844,4.9207613101023385e-05,0.500472641340461,0.5030925915389695,0.5046700093575058,0.5070565886186817,,,,,,,,,,,
31,train,received,3.295361042022705,46.5,46.5,1.169921875,0.7099609375,1.017578125,5,2,1.2734375,3.53125,1.2735226997648676,1.2736081026832617,1.2735858795988109,1.310107837354885,1.266448362419237,1.2692887237473436,1.2685520213581076,1.4685774182132951,0.6396484375,0.88134765625,,,0.9111328125,0.2250695022875788,0.23366437459363557,7.162105003080282,0.7989696376878312,0.1115551415881518,0.0003512462787602644,0.0001326906630732074,0.0003486175490525767,0.00011417777978907659,0.48398531281034174,0.3295367592801219,0.4881596862391433,0.3322656802857206,7.090093329778056,0.7876731302738071,0.11109488883109864,0.002998278937415222,0.0011545398224439751,0.004089819137027995,0.0013589320701840285,0.4703232942681854,0.32658559218049926,0.46608373748949017,0.3226507080715653,2,2,0.81884765625,4.04296875,0.8185673465952148,0.8186540184773382,0.8186215252080237,0.855913469672437,0.8182534371155883,0.821143415311558,0.8200681012040267,1.0250695262356462,0.79736328125,0.935546875,,,0.30370461101056223,0.30370461101056223,0.8183401163672199,0.11425972057310912,9.079788584198667e-05,4.1783771886059345e-05,9.597213161161022e-05,3.720970943375295e-05,0.5004726418626273,0.5031800023678545,0.504670009879673,0.5071446438254199,,,,,,,,,,,
32,train,received,3.311264991760254,46.21875,46.53125,1.16015625,0.71728515625,1.017578125,5,2,1.2734375,3.53125,1.2734537903951204,1.2735392040025137,1.27351695795563,1.3100413133877677,1.2696371396753312,1.2724771527004894,1.2717347085682253,1.471733099519088,0.6396484375,0.88134765625,,,0.84228515625,0.21676936003172662,0.2250648644372121,7.162105003080282,0.7982460775353353,0.11145411540210945,0.0003066352792382432,0.00011585431097775839,0.00031936582878788755,0.00010461020806742893,0.48365510565419445,0.32939591964361553,0.4878134703322301,0.33211468534234384,7.103379051121017,0.781083649080649,0.10995944936338187,0.004670432310631689,0.001783722149047416,0.004499064705987266,0.0014881610982861915,0.4740281866184963,0.32565921435864115,0.46947908804916416,0.32255925655727913,2,2,0.818359375,4.04296875,0.8184916092739425,0.8185782768437753,0.818545784483013,0.8558371557622044,0.8182534371155883,0.821143415311558,0.8200681012040267,1.0250695262356462,0.7978515625,0.935546875,,,0.2972229351773869,0.2972229351773869,0.8183212748020458,0.11425708984301426,0.0001060886374730785,4.88180233415785e-05,0.00010504980717751522,4.072762196150507e-05,0.5004726415493286,0.5031278951079079,0.5046700095663716,0.5070921524414301,,,,,,,,,,,
33,train,received,3.3011646270751953,46.71875,47.0,1.1513671875,0.7158203125,1.017578125,5,2,1.2724609375,3.53125,1.272587171505298,1.272672592721296,1.2726502955107504,1.309177259610809,1.2800057911398088,1.282844467952905,1.2821214320453929,1.4819839678046456,0.6396484375,0.88134765625,,,0.79248046875,0.20919715633354033,0.21898496572098686,7.162105003080282,0.7975202161008625,0.11135276790243435,0.0002781584118958236,0.00010505913497844087,0.00029303308676187356,9.595631743331782e-05,0.4829375622283596,0.32870465781049385,0.4870689223894251,0.3314036112232985,7.09338154362129,0.7820458094711866,0.11025006968283552,0.0037259214151408315,0.0014303069703690146,0.004467008408445494,0.0014818230072919988,0.4714938644222322,0.32516980977390286,0.4721933165168082,0.3260092676676473,2,2,0.818359375,4.04296875,0.8183454508957669,0.8184321346202895,0.8183996355511517,0.8556946489492797,0.8182534371155883,0.821143415311558,0.8200681012040267,1.0250695262356462,0.7978515625,0.935546875,,,0.29270793519064886,0.29270793519064886,0.8183400542799225,0.11425971190424747,6.440919578754034e-05,2.9641996158328233e-05,6.733036186901131e-05,2.6106304197158247e-05,0.5004726422803634,0.5032500388357684,0.5046700102974073,0.5072151965792231,,,,,,,,,,,
34,train,received,3.3019967079162598,47.125,47.1875,1.1416015625,0.69873046875,1.017578125,5,2,1.2724609375,3.53125,1.2728188092063053,1.2729042192878384,1.2728819431278495,1.3094062418849464,1.2624076051498343,1.2652484069840702,1.2645078755141788,1.4645785180972895,0.6396484375,0.88134765625,,,0.84228515625,0.2132179213892212,0.2216669332202913,7.162105003080282,0.7969288213388213,0.11127019514459473,0.00026776197451461314,0.00010109619654856901,0.0002940733348575364,9.626702674658122e-05,0.48235092547511016,0.3280933531511794,0.48650429954362906,0.3308057410925235,7.107551888335965,0.7795451171458203,0.10967842787403541,0.0049092330786564276,0.001871961949927936,0.004995705000965245,0.0016489542498742823,0.4691220113419696,0.32183646072932626,0.4706118180095187,0.3220364681501441,2,2,0.818359375,4.04296875,0.8183021567001503,0.818388840909612,0.8183563413484141,0.8556516423655558,0.8182534371155883,0.821143415311558,0.8200681012040267,1.0250695262356462,0.7978515625,0.935546875,,,0.29056868628810967,0.29056868628810967,0.8182942718924495,0.11425331959535877,5.96565554742412e-05,2.7455208558159828e-05,6.118082884487563e-05,2.3722240365557893e-05,0.5004726423847972,0.5032677705039367,0.504670010401842,0.5072330589578814,,,,,,,,,,,
35,train,received,3.2801294326782227,46.875,47.03125,1.1318359375,0.71240234375,1.017578125,5,2,1.2724609375,3.53125,1.2724787528778574,1.2725641586354464,1.2725418865954456,1.309065611476007,1.270991050033925,1.2738307078482543,1.2730999064196928,1.4730624420312057,0.6396484375,0.88134765625,,,0.84228515625,0.23207247357623007,0.24260671211843374,7.162105003080282,0.7966702438311197,0.11123409158180274,0.0003231447320493075,0.00012197322728893928,0.00032631544079553265,0.00010679644793227612,0.4830140197880848,0.32838297013673495,0.4871588114305867,0.331088094421329,7.097968800143868,0.7864503921503658,0.11079935884395904,0.00328792118329968,0.0012583601260568128,0.0036227894187330634,0.001202503486502749,0.46755248822846873,0.322696231451301,0.47436716115807265,0.32792913526969797,2,2,0.818359375,4.04296875,0.8183941703968827,0.8184808487365085,0.8184483519035345,0.8557421512619099,0.8182534371155883,0.821143415311558,0.8200681012040267,1.0250695262356462,0.7978515625,0.935546875,,,0.3146773344859284,0.3146773344859284,0.8183424763622642,0.1142600500844809,8.41835885765363e-05,3.8740583469654426e-05,8.856222776909561e-05,3.4337242358884426e-05,0.5004726419670602,0.5031972590305547,0.504670009984105,0.5071620276994878,,,,,,,,,,,
36,train,received,3.2805967330932617,46.875,47.03125,1.123046875,0.712890625,1.017578125,5,2,1.2724609375,3.53125,1.2730362718990085,1.273121691524711,1.273099400207831,1.3096254023690643,1.2767362614176736,1.2795755036844845,1.2788507617559879,1.4787589833258001,0.6396484375,0.88134765625,,,0.84228515625,0.2073813886563189,0.21562314947176148,7.162105003080282,0.7972348453262512,0.11131292336308614,0.0002912142505158144,0.00010995272545642708,0.0003120551955824169,0.00010215504008096814,0.4833748136285978,0.3287999740628978,0.48751439786042994,0.3315028283243038,7.101604337012194,0.783464072329739,0.11032212372723656,0.004251189286416768,0.001625910976709234,0.004489452404000005,0.0014854179663097362,0.4668978441882494,0.3219378785473857,0.4679766003472601,0.3222120176791913,2,2,0.818359375,4.04296875,0.8184970346211646,0.81858369729104,0.8185512066743538,0.8558416515327653,0.8182534371155883,0.821143415311558,0.8200681012040267,1.0250695262356462,0.7978515625,0.935546875,,,0.28347488800724246,0.28347488800724246,0.818302355349485,0.11425444823798996,7.197882758180896e-05,3.312512064341295e-05,7.528584227500801e-05,2.9190529387035138e-05,0.5004726421759296,0.5032326456496792,0.5046700101929726,0.5071976751771932,,,,,,,,,,,
37,train,received,3.2859034538269043,47.46875,47.75,1.11328125,0.7109375,1.017578125,5,2,1.2724609375,3.53125,1.2728434512467892,1.2729288665182645,1.2729066261016346,1.3094319829403354,1.2683328553273914,1.2711730111306454,1.270432105758451,1.4704423820272972,0.6396484375,0.88134765625,,,0.84326171875,0.21706538960860275,0.22956214333441965,7.162105003080282,0.7978714335083223,0.111401806195968,0.0002851939715240448,0.00010773146571924732,0.0003169394588509178,0.0001037972310548797,0.48418117695544893,0.3296339960975177,0.4883316335375927,0.3323463078242731,7.110240641073053,0.7814980120274477,0.10991161220522443,0.004292843149241499,0.0016366370310550269,0.004361696623889522,0.0014392443890090777,0.4759805313494381,0.3257340217220727,0.4745005820638628,0.32536418980178045,2,2,0.818359375,4.04296875,0.8184861839267201,0.8185728563965106,0.8185403622916723,0.8558326599916437,0.8182534371155883,0.821143415311558,0.8200681012040267,1.0250695262356462,0.7978515625,0.935546875,,,0.3043609399679369,0.3043609399679369,0.8182996513647274,0.11425407069748246,8.992170982313752e-05,4.138053830785274e-05,9.450733487792462e-05,3.664176453494849e-05,0.5004726418626264,0.5031791779914815,0.5046700098796695,0.5071438133719139,,,,,,,,,,,
38,train,received,3.2769691944122314,46.84375,46.96875,1.1044921875,0.7138671875,1.017578125,6,3,1.2724609375,3.53125,1.2734650599056254,1.2735504524770784,1.273528241601563,1.3100480194348403,1.2735680436106218,1.2764076302048517,1.2756751822667916,1.4756234837211,0.6396484375,0.88134765625,,,0.91162109375,0.22538792878508934,0.23576564100684597,7.162105003080282,0.7978705730014135,0.11140168604876148,0.00024149360467173864,9.120045036016434e-05,0.0002664200940669659,8.72328984161302e-05,0.483013644512722,0.32868787151277057,0.48714966810983995,0.3313894402602101,7.097289705220705,0.7842858632226459,0.11050498088668016,0.003057808791631089,0.001172572544159367,0.003693341343270262,0.0012242962319989029,0.46563759483284084,0.3220669913567452,0.46657065176553303,0.3211342154810114,3,3,0.818359375,4.04296875,0.8183508762429892,0.8184375550675542,0.8184050577425422,0.8556991447198405,0.8182534371155883,0.821143415311558,0.8200681012040267,1.0250695262356462,0.7978515625,0.935546875,,,0.30585748093637055,0.30585748093637055,0.81830762386465,0.1142551838478648,8.533845073621649e-05,3.927209685052731e-05,9.086566620375436e-05,3.523037071505584e-05,0.500472641967062,0.5031988119663405,0.5046700099841068,0.507163592083133,,,,,,,,,,,
39,train,received,3.2614288330078125,47.5625,47.6875,1.095703125,0.71728515625,1.017578125,5,2,1.2724609375,3.53125,1.2737078388284515,1.273793246493161,1.2737709933969834,1.3102938065240983,1.2722520043962031,1.2750917330332814,1.27434596691383,1.4743209415097716,0.6396484375,0.88134765625,,,0.912109375,0.21690487886732698,0.2282492382334386,7.162105003080282,0.797681789232755,0.11137532734994636,0.00029917918946420485,0.00011300936723936872,0.0003370532552047223,0.00011038024809977558,0.4830552493358038,0.3288413015847267,0.48720132463586996,0.331550686359246,7.106552044004436,0.7888583698189329,0.1110043752489601,0.002698029942314939,0.001033330295899829,0.0027152100177350036,0.0008998605053089174,0.4689121736809252,0.32413428750352846,0.4782358821061372,0.33030797226152087,2,2,0.818359375,4.04296875,0.8183508762429892,0.8184375550675542,0.8184050577425422,0.8556991447198405,0.8182534371155883,0.821143415311558,0.8200681012040267,1.0250695262356462,0.7978515625,0.935546875,,,0.3004992751316564,0.3004992751316564,0.8183020165117592,0.11425440092819407,9.201561350291598e-05,4.2344137292470354e-05,9.018510066294283e-05,3.4965988642444286e-05,0.5004726418626255,0.5031796419192643,0.5046700098796704,0.5071442807196773,,,,,,,,,,,
40,train,received,3.2660329341888428,47.84375,47.90625,1.0859375,0.7138671875,1.017578125,5,2,1.2734375,3.53125,1.2726864489658167,1.2727718646566675,1.272749543089409,1.3092752348681689,1.271324582924865,1.274164203984401,1.273429717441783,1.4733924824618523,0.6396484375,0.88134765625,,,0.79248046875,0.2194940504023146,0.2297839960868333,7.162105003080282,0.7975222453598643,0.11135305123519768,0.00028208695305576015,0.0001065570367255482,0.0002793005246930491,9.14699678318822e-05,0.4825607483454757,0.3285265801969943,0.4867086444981483,0.3312374921394809,7.102391574031474,0.7846247120669674,0.11047331084022408,0.0033555870380048702,0.0012834421149762185,0.004033455231755134,0.0013366765396423787,0.4674542204927796,0.3225802851301177,0.4698272712621172,0.3237636403582454,2,2,0.818359375,4.04296875,0.8185836226368814,0.8186702843368794,0.8186377947041311,0.8559276643253143,0.8182534371155883,0.821143415311558,0.8200681012040267,1.0250695262356462,0.7978515625,0.935546875,,,0.3058604078192896,0.3058604078192896,0.8183414258945048,0.11425990341422697,8.313544184446187e-05,3.8258235967425435e-05,8.334584290992098e-05,3.2314752392858726e-05,0.5004726419670602,0.5031972837049294,0.5046700099841042,0.5071620525557552,,,,,,,,,,,
41,train,received,3.2806220054626465,47.34375,47.46875,1.0771484375,0.71142578125,1.017578125,5,2,1.2724609375,3.53125,1.2732419504657435,1.273327369901148,1.2733051116487195,1.3098309592454582,1.2758347408310347,1.2786740814063975,1.2779491278444077,1.477866804076182,0.6396484375,0.88134765625,,,0.912109375,0.20938539874363102,0.22172882138236324,7.162105003080282,0.7967255644722389,0.11124181565748933,0.0003468684022722712,0.00013100771634720268,0.0003961068278837132,0.00012970628386580076,0.48223425862735425,0.3282130449008464,0.4863614936444156,0.33090925302499025,7.105270948387581,0.7804201925285197,0.1098367955560685,0.004042051561082616,0.0015429117491585838,0.00553048498039832,0.0018290403625234812,0.47073342150341624,0.3238262575276949,0.4751824959490518,0.3256350670254415,2,2,0.818359375,4.04296875,0.8183995957441048,0.8184862691837731,0.8184537740949084,0.8557466470324708,0.8182534371155883,0.821143415311558,0.8200681012040267,1.0250695262356462,0.7978515625,0.935546875,,,0.3016998104388946,0.3016998104388946,0.8182873032116695,0.11425234660197527,8.479504310354713e-05,3.90219781433147e-05,8.320121982752227e-05,3.225868455116364e-05,0.500472641967062,0.5031974960774154,0.5046700099841068,0.5071622664937995,,,,,,,,,,,
42,train,received,3.2722575664520264,47.8125,47.9375,1.068359375,0.71142578125,1.017578125,5,2,1.2724609375,3.53125,1.274037831396475,1.2741232486690677,1.2741010255356864,1.3106255291648568,1.2752235522366056,1.278062958128501,1.2773297528248357,1.4772618219047657,0.6396484375,0.88134765625,,,0.912109375,0.22268276163233067,0.23428482807034606,7.162105003080282,0.7985482631135381,0.11149630768748825,0.00031984777771398853,0.00012078704133420519,0.00030004601189048685,9.824008927467958e-05,0.4829658944821267,0.3286358204431198,0.4871080046378724,0.3313413864274339,7.098869110322838,0.7810488601251357,0.11002440642121034,0.003477271575721197,0.0013301826790690385,0.004943988713762337,0.0016368504827528408,0.4708182015378215,0.32409525739649875,0.4792277754669403,0.3301300714335334,2,2,0.818359375,4.04296875,0.8183941703968827,0.8184808487365085,0.8184483519035345,0.8557421512619099,0.8182534371155883,0.821143415311558,0.8200681012040267,1.0250695262356462,0.7978515625,0.935546875,,,0.30762556902446747,0.30762556902446747,0.8182741439131024,0.11425050925128556,7.258284523992131e-05,3.340256564944477e-05,7.692539736403603e-05,2.9825835914113055e-05,0.5004726420714931,0.5032152718672575,0.504670010088538,0.5071801733212619,,,,,,,,,,,
43,train,received,3.267350673675537,47.65625,47.84375,1.0595703125,0.71826171875,1.017578125,5,2,1.2724609375,3.53125,1.2728648135222385,1.272950239236298,1.2729279549875234,1.3094555812512187,1.2704166290414218,1.2732565576285344,1.272513857487267,1.4725045655280609,0.6396484375,0.88134765625,,,0.8427734375,0.2214325319842119,0.23149160326874266,7.162105003080282,0.7979605166850852,0.11141424432368666,0.00023667675174010583,8.940519506487819e-05,0.0002648569536072287,8.674113639468313e-05,0.4830980641543583,0.3289033305949218,0.4872343380235886,0.3316062942858585,7.104092203781442,0.782387391867257,0.11013193092437616,0.004362769745037909,0.001667901609878907,0.004445965334020308,0.0014699599157290588,0.46311226721242704,0.3189126651282838,0.46914720036343205,0.3222376808409713,2,2,0.818359375,4.04296875,0.8183508762429892,0.8184375550675542,0.8184050577425422,0.8556991447198405,0.8182534371155883,0.821143415311558,0.8200681012040267,1.0250695262356462,0.7978515625,0.935546875,,,0.30897023607365753,0.30897023607365753,0.8182947356968595,0.11425338435347246,6.610887072255878e-05,3.042420317853836e-05,6.70795270059088e-05,2.600904202739737e-05,0.5004726422803616,0.5032497959898882,0.5046700102974064,0.5072149519431692,,,,,,,,,,,
44,train,received,3.2479026317596436,47.84375,48.0,1.05078125,0.7236328125,1.017578125,5,2,1.2724609375,3.53125,1.2727435439426216,1.27282896473701,1.2728067057141634,1.3093333764847463,1.2712373191954665,1.274077158660227,1.2733338260385305,1.4733167872206188,0.6396484375,0.88134765625,,,0.84228515625,0.20644318059641653,0.21746565839365842,7.162105003080282,0.7987892534159882,0.11152995565862892,0.00031164101687952694,0.00011774472632328909,0.0003697043166228653,0.00012109810407817124,0.4836525406100627,0.3293897613171853,0.48780760790936384,0.3321062478162014,7.109434549067312,0.7891054041921091,0.11099411616295587,0.0029542945506770835,0.0011300693321779044,0.0027827021251134454,0.0009207709827153526,0.47032685187756584,0.3251132014255718,0.47281177975223443,0.3257215374629891,2,2,0.818359375,4.04296875,0.8183021567001503,0.818388840909612,0.8183563413484141,0.8556516423655558,0.8182534371155883,0.821143415311558,0.8200681012040267,1.0250695262356462,0.7978515625,0.935546875,,,0.28995476103689666,0.28995476103689666,0.8182645927521862,0.11424917568232615,6.440919578754034e-05,2.9641996158328233e-05,6.733036186901131e-05,2.6106304197158247e-05,0.5004726422803634,0.5032500388357684,0.5046700102974073,0.5072151965792231,,,,,,,,,,,
45,train,received,3.256958246231079,47.65625,47.75,1.0419921875,0.71142578125,1.017578125,5,2,1.2724609375,3.53125,1.2730481110504461,1.2731335310142577,1.2731112648247513,1.3096374401297717,1.2629582181799457,1.2657989584211058,1.2650496520079653,1.4651232785265196,0.6396484375,0.88134765625,,,0.91162109375,0.22005223062600782,0.22887436685896478,7.162105003080282,0.7971943969235824,0.1113072758051892,0.0002587640566060756,9.769022383609946e-05,0.00028944008773912344,9.474296802964801e-05,0.48233016753563174,0.32802648777220705,0.48648868055859484,0.33074195630534026,7.106580296625621,0.7850334898979063,0.11046571728327048,0.003146268927585183,0.001202306607407552,0.003638019030416828,0.0012027568812945672,0.4765576595713714,0.3281628732962208,0.47145386948718127,0.3248786831438179,2,2,0.818359375,4.04296875,0.8183508762429892,0.8184375550675542,0.8184050577425422,0.8556991447198405,0.8182534371155883,0.821143415311558,0.8200681012040267,1.0250695262356462,0.7978515625,0.935546875,,,0.2990864836927646,0.2990864836927646,0.8182789341820789,0.11425117808663138,5.4025618460684655e-05,2.4864129163224937e-05,5.404974485578862e-05,2.0957517376977102e-05,0.5004726424892292,0.5032853250762871,0.504670010506274,0.5072507429346116,,,,,,,,,,,
46,train,received,3.262181043624878,47.8125,48.09375,1.033203125,0.7138671875,1.017578125,5,2,1.2724609375,3.53125,1.2729594744424102,1.2730448788863007,1.273022558622353,1.3095455367281248,1.2791558746939569,1.2819948531288552,1.2812675140004466,1.4811535271360508,0.6396484375,0.88134765625,,,0.9111328125,0.22700613726437377,0.23834484614121182,7.162105003080282,0.7970384380327424,0.11128550023909893,0.00022084395295962622,8.340279043111176e-05,0.00024086022237135296,7.886451444428716e-05,0.48355154300057634,0.32905898732385197,0.48770150331436835,0.3317699520514349,7.108899990098669,0.7826777958299018,0.11009829888168655,0.004087663745417025,0.001559224377895711,0.004382763230193376,0.0014485556458193783,0.4764921437851175,0.3269699368514952,0.47225780635875036,0.3239946793386124,2,2,0.818359375,4.04296875,0.8184428898562747,0.8185295628110039,0.8184970682141551,0.8557896535328849,0.8182534371155883,0.821143415311558,0.8200681012040267,1.0250695262356462,0.7978515625,0.935546875,,,0.31449627442939676,0.31449627442939676,0.8182791969898295,0.11425121478083658,9.485249595808654e-05,4.364894268136216e-05,0.00010296368547191292,3.991989307400539e-05,0.5004726417581962,0.5031624334470369,0.5046700097752383,0.507126945390718,,,,,,,,,,,
47,train,received,3.3259530067443848,47.90625,48.125,1.025390625,0.71044921875,1.013671875,13,5,1.2841796875,3.521484375,1.284313037940013,1.2843980727996949,1.284375702015645,1.3207921676659211,1.2868399923831313,1.2896764567411532,1.2889401102824372,1.4886722318125722,0.63525390625,0.88037109375,,,0.9296875,0.2378848423758152,0.2488265901588889,7.162105003080282,0.7802613245294807,0.1089430166402064,0.005252655498193093,0.001963505211369785,0.0055945054327954935,0.001815617936786525,0.47333532248168364,0.3162484658024782,0.47032414316199045,0.3141314722226586,7.106939625426415,0.7776148052266969,0.10941626722768735,0.005829566947524789,0.002212535997908253,0.007032064031561092,0.002310691876008205,0.4728901376571475,0.32177893107309674,0.4676256362302498,0.31704697430801015,12,6,0.8427734375,4.0390625,0.84175356270121,0.8418399479328947,0.8418076369721982,0.8789999013784311,0.8426651768497538,0.845549886370541,0.8444798677025294,1.0490908860554184,0.79150390625,0.93359375,,,0.326542549146065,0.326542549146065,0.8008943219577508,0.11182387323465681,0.007264230443034592,0.0032806259427289354,0.007183715533923163,0.002741391931057067,0.4897923984867276,0.47283672789349923,0.48666982061153075,0.4695951438927447,,,,,,,,,,,
48,train,received,3.252046823501587,47.96875,48.125,1.0166015625,0.7080078125,1.017578125,7,4,1.27734375,3.53125,1.2778972340290442,1.277982440200268,1.2779602589247696,1.3144288145840042,1.2784692183978748,1.2813065808137967,1.2805762494000406,1.4803867982665735,0.63818359375,0.880859375,,,0.79833984375,0.22240317976490614,0.23173391505184066,7.162105003080282,0.798821963917375,0.11153452282168681,0.0008879057572643845,0.0003348011431362753,0.0010158583965402812,0.00033217307662656274,0.4837018082213369,0.32824123540188116,0.4878324120508415,0.3309317725458892,7.109021635347233,0.7847979750723868,0.11039465278460278,0.0047478037321564415,0.001809872506888435,0.005248032876212783,0.0017309359940096197,0.4609548461502726,0.316923445155799,0.4812440911146707,0.3294127068674811,4,4,0.8251953125,4.04296875,0.8249098535069528,0.824996401823364,0.824964003840529,0.8622160398052625,0.8246751646001617,0.8275637864554696,0.8264909927159619,1.031389939822791,0.7958984375,0.93505859375,,,0.30329808371344236,0.30329808371344236,0.8191748817506068,0.11437627365115362,0.0005723281664860025,0.00026274816340596615,0.0006682028620685898,0.0002585504693602808,0.5004726283688452,0.500564666899604,0.5046699963858918,0.5045100218656733,,,,,,,,,,,
49,train,received,3.238800048828125,47.75,47.84375,1.0087890625,0.7158203125,1.017578125,8,4,1.2783203125,3.53125,1.2785249758043875,1.2786101573895021,1.2785879215394278,1.3150478712838551,1.2762981491458298,1.2791365998613975,1.2784035820516049,1.4782823954254296,0.6376953125,0.880859375,,,0.7998046875,0.21619122691813264,0.22632824547569166,7.162105003080282,0.7984591931600058,0.1114838714060467,0.0010172975219164826,0.00038358103149333585,0.0011128889265759057,0.00036389291701723314,0.4832701223785829,0.32793344721666323,0.48741060503264766,0.33063066841647454,7.108632444549857,0.789010045553804,0.1109932257306021,0.0032981625527854774,0.0012594177956771146,0.00463466857530026,0.0015309339169411985,0.4712500419199612,0.32393077270978843,0.47410670731876614,0.3251991669362337,5,4,0.82666015625,4.04296875,0.8270360257365836,0.8271225654522116,0.8270901898762651,0.8643370157519434,0.8235211611192993,0.8264099228678853,0.8253366726449384,1.0302492226461495,0.79541015625,0.9345703125,,,0.2986090125111465,0.2986090125111465,0.8192513897260089,0.11438695598202829,0.000670458546354169,0.0003074955747300125,0.0007178179763052128,0.00027751782275504277,0.500472624295198,0.49949261969734426,0.5046699923122429,0.5034300649784214,,,,,,,,,,,
50,train,received,3.240926504135132,48.0625,48.21875,1.0,0.70361328125,1.017578125,5,2,1.27734375,3.53125,1.2775163000871652,1.2776015355927879,1.277579325872645,1.3140554091909087,1.285907646970713,1.2887452620190822,1.288026923124476,1.4878033031319815,0.63818359375,0.88134765625,,,0.7978515625,0.19899230451120128,0.20989142011938772,7.162105003080282,0.7979906448114795,0.1114184509258492,0.0007545574379550501,0.00028466780288503293,0.0008690553874250995,0.00028429856930646806,0.48317618517454974,0.3281918055341578,0.48730000898452897,0.33088027624238264,7.108174479669732,0.7862394215111057,0.11061059682198977,0.0038601395178057274,0.0014714788615016565,0.004155562189958495,0.0013728864646705464,0.46847390672416633,0.3221376709461248,0.48244070649669624,0.3311873077369692,2,2,0.82421875,4.04296875,0.8242621137090405,0.824348668160668,0.824316263858945,0.8615719710693648,0.8209959396875388,0.8238852001783592,0.822810957780665,1.0277622010523764,0.79638671875,0.93505859375,,,0.27738960496323983,0.27738960496323983,0.8189589220451211,0.11434612054597117,0.0004740397506255434,0.0002176654416449716,0.0005905400710135567,0.00022853563331113973,0.5004726306179759,0.5007659999978749,0.5046699986350207,0.5047128401521166,,,,,,,,,,,
1,test,,3.722881555557251,33.5625,34.03125,1.5,0.7177734375,1.02734375,6,3,1.31640625,3.564453125,1.3144676567438793,1.3148061698959277,1.3147224844437928,1.3860522442715701,1.3388264855491994,1.3889253882821184,1.3774947018484027,2.1353533024864464,0.630859375,0.87744140625,4.85546875,1.2060546875,0.84033203125,0.17218320842215645,0.18064960236063715,5.50434055893928,0.8061296601625239,0.14645344915174907,0.001740745100501151,0.0015124934913719205,0.0026028574861580722,0.0017700075304282596,0.4756007656069503,0.3291307357936861,0.4768297943562967,0.3275704935226588,4.92941550449239,0.8057940550957308,0.1634664504060118,0.001619676644289747,0.0014692679342230444,0.0021037333982727446,0.0016065585926062986,0.6293156596810077,0.49077244938857734,0.24855630837368015,0.24069443502658897,3,3,0.87255859375,4.0859375,0.8736727696808135,0.8740168801547448,0.873892655258685,0.9468219080448411,0.8971448155949255,0.9482761015479558,0.9307784096759019,1.7141372601280722,0.78662109375,0.93115234375,7.00390625,1.2607421875,0.24392499023176156,0.24392499023176156,0.8256430485843014,0.14999854019632242,0.0011051559891113172,0.0016035923954765216,0.0014870500798602748,0.0014740796284929021,0.4923876785198953,0.5007577604606055,0.49368358464630546,0.49670361223651743,4.92941550449239,0.8249331242332312,0.1673490748510516,0.0011959668318937133,0.0018558362107854649,0.0016117227046699156,0.001892734238394393,0.649678599178503,0.7880987075209155,0.26076131584506257,0.453711750032273
2,test,,3.6534066200256348,34.96875,35.875,1.4873046875,0.7197265625,1.02734375,5,2,1.294921875,3.5625,1.2952915722110083,1.2956306700234526,1.2955458755394518,1.3669984667499453,1.2838658342981073,1.334100705806547,1.3218733714909423,2.083040798650746,0.63671875,0.87939453125,0.8310546875,0.82958984375,0.81396484375,0.17115189450541382,0.1784266862977649,5.50434055893928,0.8058359869185932,0.14640009612230148,0.0008757444369358325,0.0007744242479882852,0.0011732359052372132,0.0008088733784157187,0.47560830456194836,0.33377356484899506,0.47674899362577605,0.33209557137036655,4.933888312009176,0.7878573870426195,0.15968285806651925,0.0026515010197432076,0.002445268223532686,0.002895016252129956,0.0021515792119112887,0.5535996039778253,0.4743653336423231,0.3291500585713383,0.33768379384083563,2,2,0.841796875,4.08203125,0.8386371611991226,0.8389819349416099,0.8388558199314335,0.9119504290678555,0.8221004037117994,0.8734187174981504,0.8549419733642324,1.6427286489205923,0.7939453125,0.93359375,0.8388671875,0.83642578125,0.24562113181283382,0.24562113181283382,0.8243887763080658,0.14977067052459606,0.0007015155685694552,0.0010651946161145942,0.0010637552045276166,0.0010874578614593219,0.4923303203993523,0.5167792428987069,0.49366510102139216,0.512459818397682,4.933888312009176,0.8091860966477455,0.16400575884098784,0.0025273940673855577,0.004149149083302121,0.002559771061608984,0.0029411606355842484,0.5721706800354305,0.827041597813836,0.3436975955366197,0.6880493498009438
3,test,,3.64530873298645,34.25,34.5,1.4755859375,0.7197265625,1.02734375,5,2,1.2900390625,3.5625,1.2889627631991052,1.2893022534422076,1.2892176325717413,1.360735737148561,1.2722850232945224,1.322546733564114,1.310195649106899,2.071993445703141,0.6376953125,0.8798828125,0.8232421875,0.82568359375,0.8564453125,0.1651693456828184,0.17461665873955887,5.50434055893928,0.8052731275134501,0.1462978387493944,0.000708718892981075,0.0006290167145952332,0.0009057470078106533,0.0006262368184519396,0.476710408900213,0.33551798390125886,0.4779573291018977,0.33389640868748893,4.8718497956254705,0.8045332565689611,0.16513917512222304,0.0007259462748505641,0.0006114767536884178,0.012264110198906941,0.010990862289804096,0.1899117827326906,0.1729257854792677,0.42507515659961115,0.42472372558514565,2,2,0.8349609375,4.08203125,0.8371541956545726,0.8374989985258676,0.8373727510949887,0.9104759575326088,0.8221004037117994,0.8734187174981504,0.8549419733642324,1.6427286489205923,0.79541015625,0.93408203125,0.8291015625,0.8310546875,0.24562113181283382,0.24562113181283382,0.8235301976724405,0.14961468841803274,0.0006364579957702787,0.0009780707427098254,0.000682741667918485,0.0007036021567804934,0.49242861729180376,0.5211777783069225,0.4937864039373574,0.5167979795420437,4.8718497956254705,0.8231799114765167,0.1689666032429132,0.0005989893057689599,0.0008416220709839974,0.01245144644058982,0.019444676532317507,0.19654501030267824,0.31561654882225254,0.4408653409096983,0.8392098013648589
4,test,,3.594489574432373,36.5625,36.8125,1.462890625,0.69921875,1.02734375,5,2,1.2880859375,3.5625,1.285584073421523,1.2859235689156687,1.2858383885086293,1.357366059330645,1.2330411882280008,1.2833940448127101,1.2707023622854288,2.034561268601635,0.63818359375,0.8798828125,0.82080078125,0.82421875,0.80712890625,0.16629997342384034,0.17769435488959012,5.50434055893928,0.8033146309982737,0.14594202927608776,0.0005783423253609143,0.0005142971198356794,0.000735745050803871,0.0005094645852023746,0.476649525005735,0.33599055005650585,0.4780679287137346,0.3344829652545726,4.922238818297787,0.8025427764259441,0.16304425812144566,0.0007472027957877714,0.0006319970304872089,0.0007102628695259128,0.0006128714017304307,0.28531436927518516,0.2630969101902321,0.26447608173441406,0.23749727372311838,2,2,0.83203125,4.08203125,0.8317700617886596,0.8321150353727912,0.8319885370137516,0.9051267712200499,0.8221004037117994,0.8734187174981504,0.8549419733642324,1.6427286489205923,0.79638671875,0.9345703125,0.826171875,0.8291015625,0.24562113181283382,0.24562113181283382,0.8233176914197756,0.14957608138592973,0.00042169964449811914,0.0006496219693982859,0.000552117073208791,0.0005699154706842988,0.49238972831719874,0.5220105169671281,0.49373653420352337,0.517602660026366,4.922238818297787,0.823488919786972,0.1672996679327623,0.000509790267074095,0.0007216633792059546,0.0007043147103997782,0.0010311596034286135,0.29785327069799994,0.4894333879242078,0.2755589031698005,0.43210156247773757
5,test,,3.6244397163391113,36.8125,36.8125,1.451171875,0.72216796875,1.02734375,6,3,1.287109375,3.5625,1.2854907043996624,1.2858303251075338,1.285745311122744,1.3572905585164625,1.2680198071837538,1.3182913868527657,1.30587553491304,2.0679243978626065,0.638671875,0.88037109375,0.81982421875,0.82373046875,0.8564453125,0.17034750684224134,0.17711893661034972,5.50434055893928,0.8012619060189974,0.14556910086490096,0.000587972699827688,0.0005225960183487736,0.0006564034323028878,0.00045434529450136485,0.4741679904027114,0.3341070101063553,0.4756108093074465,0.3326311111166064,4.914335723874749,0.7927514981295427,0.1613140702370434,0.006602569310650175,0.005888039265681557,0.0015790533546633512,0.0012931865386417718,0.40599071951334853,0.34060402987015836,0.2553181687966335,0.23184668522397525,3,3,0.83056640625,4.08203125,0.8309292251093987,0.8312741912092793,0.8311476437944734,0.9042874791403778,0.8447089106615757,0.895970540213815,0.8779640453637868,1.6642376885757328,0.79638671875,0.9345703125,0.82470703125,0.828125,0.24400634469030313,0.24400634469030313,0.8232590118510701,0.14956542078670312,0.0004242304696306931,0.0006549488435163987,0.000609490805269175,0.0006300593529867431,0.49238534980546067,0.5227904133298634,0.49372067879843495,0.5183552483230379,4.914335723874749,0.8139032432055956,0.16561816060948045,0.006679992115924627,0.010300657492754892,0.001565926234779802,0.002092911068525884,0.4213756490606704,0.5859589104905251,0.2667585214929442,0.4245138946656548
6,test,,3.6500582695007324,34.5,35.1875,1.439453125,0.7431640625,1.02734375,5,2,1.2861328125,3.5625,1.2855572359300507,1.2858968140319762,1.2858117810742293,1.3573521097119468,1.2717211009641947,1.3219840721239475,1.3092623612508543,2.071454585554571,0.638671875,0.88037109375,0.8193359375,0.8232421875,0.96044921875,0.17105833501051326,0.17694476314222943,5.50434055893928,0.80218280149128,0.14573640437063828,0.0004289831146255807,0.0003817715361336083,0.0006462341227928547,0.00044775121541923673,0.47536675855082144,0.3352907902417841,0.4765883723115696,0.33364973359121197,4.911054626898591,0.7906812437777855,0.16100029501751098,0.0032139772630142005,0.002692234944080813,0.0041828450863334865,0.003323789735492007,0.1938850406763306,0.17690585582127044,0.5516974116533566,0.4591265733978293,3,3,0.82958984375,4.08203125,0.827930232622126,0.828275462052783,0.8281486969565222,0.9013280806022519,0.8411527015755706,0.8924225467585483,0.8741178675632498,1.6608447767964614,0.796875,0.9345703125,0.82373046875,0.82763671875,0.2439566946138619,0.2439566946138619,0.8230401410662136,0.14952565747945262,0.0004998508534717061,0.0007712514090651784,0.0006099615689745264,0.0006303029957311392,0.4923737712731997,0.5225711897932405,0.4937230951826743,0.5181548949484658,4.911054626898591,0.8104178744537871,0.16501911219130114,0.003058301955926268,0.004265478006923205,0.003943798213549954,0.005045474474466199,0.20490802668123465,0.33093840569428046,0.5701026764219099,0.7865461392691744
7,test,,3.6193108558654785,36.5625,36.5625,1.427734375,0.74072265625,1.02734375,5,2,1.28515625,3.5625,1.285696927939476,1.2860367468767084,1.2859519461981512,1.35752107692019,1.291721001186846,1.3419332358680083,1.3289453538096219,2.090473238905077,0.63916015625,0.88037109375,0.81884765625,0.82275390625,0.802734375,0.16538562423515124,0.17660430445071842,5.50434055893928,0.8036258667524334,0.1459985729711639,0.00047012496608633825,0.00041871395394678943,0.0005805760791828263,0.00040250502672828327,0.4762888194694286,0.3361501118254421,0.4777149263517009,0.33464489011334964,4.984005518952734,0.8020198159381933,0.16091872548863428,0.0006007405784647091,0.0005409586587669803,0.0006715533946755059,0.0005151682131777958,0.2770760814363298,0.2579320724348724,0.25066159832466184,0.23250608308533738,2,2,0.82861328125,4.08203125,0.8276484519689825,0.8279935550415948,0.8278668231198459,0.9010317978541654,0.8411527015755706,0.8924225467585483,0.8741178675632498,1.6608447767964614,0.796875,0.9345703125,0.8232421875,0.82666015625,0.24562113181283382,0.24562113181283382,0.8226655720937553,0.14945760773426564,0.0004199874878096921,0.0006493294551829599,0.0006034817146760574,0.0006244470664137618,0.4924037017316092,0.5233260070193135,0.4937314182126551,0.5188725265733378,4.984005518952734,0.822970065529477,0.16512222195580634,0.0003534219182421694,0.0005581492592207355,0.0004955192028761601,0.0005997180824266494,0.2895633744117898,0.48510120487440284,0.26083353631313155,0.4341593144029114
8,test,,3.633577585220337,35.40625,35.40625,1.416015625,0.73388671875,1.02734375,5,2,1.28515625,3.5625,1.2843301561039413,1.28466976992368,1.2845844797055745,1.356131741946084,1.2813654734131315,1.3316061281717928,1.3196227162876994,2.080655388109831,0.63916015625,0.88037109375,0.818359375,0.822265625,0.95947265625,0.17130338032564138,0.17774337694759354,5.50434055893928,0.8002529049931744,0.14538579079986796,0.00043101682915569484,0.0003839702258952972,0.0006159995001553398,0.00042713951311144677,0.4749440060894221,0.33526166115408607,0.47630019901508547,0.33371380455932437,5.005920202107853,0.7926942267811079,0.15835135095587952,0.0012217585759080052,0.0010906326139254506,0.0036672566723536804,0.002863336270945602,0.28693973728397726,0.25865141070344816,0.20592851208754848,0.17873190485079055,2,2,0.82763671875,4.08203125,0.8280252188037871,0.8283704031826725,0.8282436539337972,0.9014173744837525,0.8221004037117994,0.8734187174981504,0.8549419733642324,1.6427286489205923,0.79736328125,0.9345703125,0.82275390625,0.826171875,0.24562113181283382,0.24562113181283382,0.8228626624569264,0.14949341408764452,0.00044173815193460086,0.0006841465524924602,0.00046397427043753936,0.00048065214921364646,0.49238264834323786,0.5239296043854536,0.49372368451192106,0.5194781168966166,5.005920202107853,0.8124304890922849,0.1622939352389583,0.001126086221125533,0.0017566371966837304,0.0034232031988805645,0.004270565278039575,0.29879818743185105,0.4741429622858719,0.21487993239346803,0.3192954183817114
9,test,,3.620349407196045,34.03125,33.5625,1.404296875,0.7177734375,1.02734375,7,3,1.2841796875,3.5625,1.2837267728914834,1.2840665991750728,1.2839815533875816,1.3555568005608405,1.266528613572219,1.3168035847720012,1.3042859498454369,2.066500616104913,0.63916015625,0.88037109375,0.81787109375,0.82177734375,0.79931640625,0.1604743079449441,0.17531435614141178,5.50434055893928,0.8032138300471292,0.14592371628290265,0.0004969715993388135,0.00044274056461355497,0.0007449003444461866,0.0005165338524342033,0.47608404806072,0.336075257539405,0.47761217465772,0.3346417645300433,5.005134700562382,0.8031700659263599,0.16046922090550625,0.0005392047944630107,0.00048121323099907894,0.000585874837721434,0.00047684043946307186,0.23812139610690064,0.19711235258510357,0.34183240154384364,0.29689022578819174,3,3,0.82666015625,4.08203125,0.8269307805532354,0.8272759610006725,0.8271491806254965,0.9003255250752954,0.8411527015755706,0.8924225467585483,0.8741178675632498,1.6608447767964614,0.79736328125,0.9345703125,0.822265625,0.82568359375,0.24252059062954734,0.24252059062954734,0.8230746285887548,0.14953192299339965,0.0003246234988862895,0.0005038281764633275,0.00037680099597459105,0.00039089762622435294,0.4923737975343352,0.5246815723174262,0.4937097856772992,0.5202099430347988,5.005134700562382,0.8228544523093058,0.16440205939249725,0.0003455163032537456,0.0005366856380615875,0.00041808373212326444,0.0005560027675945092,0.24747572731886347,0.3383892931305313,0.3552949186023362,0.5266267659147061
10,test,,3.6146042346954346,36.34375,36.8125,1.392578125,0.712890625,1.02734375,5,2,1.2841796875,3.5625,1.2834131683030547,1.2837530856333312,1.2836680762439105,1.3552548613006146,1.31326960518687,1.36343641257126,1.351923045496731,2.111091699035163,0.6396484375,0.88037109375,0.8173828125,0.8212890625,0.80029296875,0.1669690969404565,0.1778547050039629,5.50434055893928,0.8046868779973915,0.146191331982638,0.0004929230054564471,0.00043828623237276087,0.0006244495427472074,0.0004323592715891932,0.4743919086625441,0.33436840811112795,0.47568058000508184,0.33278226983115555,5.124626307491798,0.7993429285890528,0.15598072534976387,0.00048087468186786,0.000439504322219676,0.0006580734955106138,0.000533222074109404,0.33528443191543644,0.28411988582781716,0.43908569693464106,0.36472455923135283,2,2,0.826171875,4.08203125,0.8251093455421721,0.8254547292314764,0.8253278044123513,0.8985335891943342,0.8411527015755706,0.8924225467585483,0.8741178675632498,1.6608447767964614,0.79736328125,0.93505859375,0.8212890625,0.8251953125,0.24562113181283382,0.24562113181283382,0.8227364614852167,0.14947048655066558,0.0003102921786419799,0.0004814071372239908,0.00040966929638308613,0.000424890399196043,0.49237379506813195,0.5245481968044571,0.4937097832110968,0.5200791856318511,5.124626307491798,0.8228322931123435,0.1605643502062634,0.00037774618624020206,0.0006126966486484601,0.00041862597248165656,0.0005533382797811635,0.3478585378456751,0.4951851218935739,0.45301457000104506,0.6237430373117064
11,test,,3.6213650703430176,34.96875,35.1875,1.380859375,0.69189453125,1.02734375,5,2,1.2841796875,3.5625,1.2825695159352812,1.2829094486324524,1.282824261056188,1.3544156922790311,1.300708190793702,1.3508997008576462,1.338767633367521,2.099048497179353,0.6396484375,0.88037109375,0.8173828125,0.8212890625,0.7998046875,0.1674819329665548,0.17833502405633805,5.50434055893928,0.8007079612734869,0.145468463061048,0.00036658300093606044,0.0003268871219878145,0.0005446696373994087,0.0003779645965740575,0.4767011961608931,0.33676132460301605,0.4781697442433481,0.3352798821172661,5.081322136114062,0.800291992476561,0.15749680320181073,0.0004561329143175641,0.00041247202233191745,0.0004473943099059241,0.00035060836699047666,0.20914276764276174,0.1708878223225961,0.4596359666569745,0.391325156564269,2,2,0.82568359375,4.08203125,0.8273041965949037,0.8276493916195379,0.8275226022073386,0.9006994684032602,0.8221004037117994,0.8734187174981504,0.8549419733642324,1.6427286489205923,0.79736328125,0.93505859375,0.8212890625,0.8251953125,0.24562113181283382,0.24562113181283382,0.822796307386762,0.1494813590431839,0.00034351284322919895,0.0005324580502545199,0.0004422339404541731,0.00045838311821040493,0.4923853673310008,0.5242294251355091,0.4937097794461449,0.5197545853735855,5.081322136114062,0.8226111170161722,0.16188918847905664,0.0003766748592441971,0.0006001549413272055,0.000361548343218665,0.0004531651921854423,0.22004328371271686,0.2951075475722179,0.4761341772614296,0.6837664095060328
12,test,,3.6749866008758545,34.5,34.25,1.369140625,0.701171875,1.02734375,5,2,1.283203125,3.5625,1.2834737028810597,1.2838136459445826,1.2837288645301566,1.3553191689665325,1.2839764212358962,1.3342110194507348,1.3219541489040498,2.0831459535879,0.6396484375,0.88037109375,0.81689453125,0.82080078125,0.798828125,0.16198657610570924,0.17311551294989405,5.50434055893928,0.8052574552268048,0.14629499148976766,0.00043220333987381565,0.000383994800136969,0.00048022510781642325,0.00033229692814718497,0.47339566723264515,0.3334582761494847,0.47468623093429674,0.3318812092250697,5.072326658805724,0.7892519801137112,0.15559959624121292,0.00071438235915533,0.0006595526547638308,0.0017093353828121494,0.0013277910696886188,0.5036126346688876,0.38909078299247024,0.2345995981218918,0.19644470445902185,2,2,0.82568359375,4.08203125,0.8253755397531509,0.825720853898411,0.8255939588575258,0.898790672691105,0.8221004037117994,0.8734187174981504,0.8549419733642324,1.6427286489205923,0.7978515625,0.93505859375,0.82080078125,0.82470703125,0.24562113181283382,0.24562113181283382,0.8227249758829072,0.1494683999061009,0.0003165586656423969,0.0004916337912450914,0.00036253364821359213,0.0003762615198380512,0.4923737988981829,0.5249180242384611,0.4937097870411513,0.5204417516376906,5.072326658805724,0.8086615961831971,0.15942616684186423,0.0004924087422191192,0.0008131052675116994,0.0015750458172920645,0.0019449538377185286,0.5202152927536217,0.6369015631098763,0.2436437679589476,0.33995891729767125
13,test,,3.6628780364990234,33.78125,34.25,1.3583984375,0.736328125,1.02734375,5,2,1.283203125,3.5625,1.2824113630490668,1.282751361691453,1.2826661332624825,1.3542656070061208,1.2928160730512732,1.3430302088361277,1.3309018079123618,2.091578885723764,0.6396484375,0.88037109375,0.81689453125,0.82080078125,0.84814453125,0.16654695485940976,0.1774961382050638,5.50434055893928,0.8013677079536503,0.1455883224107919,0.000461907085218094,0.0004117545107304469,0.000501639550648747,0.0003480161622036604,0.47624224244113567,0.33635011594260794,0.47777509654892736,0.3349171972232502,5.100457111926673,0.8026415667833475,0.15736659463452554,0.00048688433158794453,0.0004343775891841835,0.000524456611391777,0.00043251804980596383,0.2645861007659276,0.22453445245586953,0.343756945659611,0.28885860048056555,2,2,0.8251953125,4.08203125,0.8263146661036068,0.8266600083791167,0.8265331406100815,0.8997305434425813,0.8221004037117994,0.8734187174981504,0.8549419733642324,1.6427286489205923,0.7978515625,0.93505859375,0.82080078125,0.82470703125,0.24562113181283382,0.24562113181283382,0.8224405795814593,0.14941673226337374,0.00030262191073049394,0.00047003761737809,0.0003376673852990564,0.0003504777799129172,0.49237380123403707,0.5249551376231602,0.49370978937700194,0.5204781360158103,5.100457111926673,0.8226255639060689,0.16128467426624946,0.00028962636328699887,0.0004508518412742347,0.00029999676406955444,0.0004086671554876035,0.27633591469940644,0.39482401738173534,0.35749535870446447,0.502401755141506
14,test,,3.7108399868011475,35.40625,34.71875,1.3466796875,0.72705078125,1.02734375,5,2,1.283203125,3.5625,1.2836259072824303,1.283965870955989,1.2838806728233212,1.3554736575041897,1.2887820272167576,1.3390055922586244,1.3272668559710301,2.087732259210484,0.6396484375,0.88037109375,0.81640625,0.8203125,0.796875,0.16758696013230437,0.17532138353551707,5.50434055893928,0.8040707650474823,0.1460793997823477,0.00040154252269086754,0.0003582798283790403,0.0004586121148077993,0.00031839771422085904,0.4765455830248717,0.3368143608660849,0.4778754808308099,0.33523454632837707,5.160837930339759,0.7946073152347077,0.15396866283347818,0.0028153938368173925,0.002439941305186722,0.002228643284713172,0.0016841393244771833,0.4934282822700631,0.4010452741697974,0.2026096935161057,0.15669807986617648,2,2,0.82470703125,4.08203125,0.8244102680852144,0.8247557278709416,0.8246287550455704,0.8978455416655989,0.8221004037117994,0.8734187174981504,0.8549419733642324,1.6427286489205923,0.7978515625,0.93505859375,0.8203125,0.82421875,0.24562113181283382,0.24562113181283382,0.8225423536587473,0.14943522204906162,0.0003290916538940536,0.0005113475250252654,0.00032736516348386147,0.0003398720536432822,0.4923831483011183,0.5251037147264122,0.4937097906753891,0.5206140230367701,5.160837930339759,0.8134193394044843,0.15761381201733138,0.0027982753970681173,0.004147592237149151,0.0021644019528856973,0.0025641235050417347,0.5107260063919465,0.6799231398993416,0.2135397327818831,0.2624011633709753
15,test,,3.7617363929748535,31.25,31.71875,1.3359375,0.7060546875,1.02734375,5,2,1.283203125,3.5625,1.2815963572056215,1.2819362788269137,1.2818510898474533,1.3534430424016535,1.275915443926834,1.3261688538025882,1.3143125267440545,2.075458883630234,0.6396484375,0.88037109375,0.81640625,0.8203125,0.79833984375,0.15855260997354298,0.1700185539207494,5.50434055893928,0.8033122637883483,0.14594159921368519,0.0003316052037831696,0.0002953531063504546,0.0004105928101969525,0.00028466628417123785,0.4757151738914942,0.3357551034832903,0.4771580947121663,0.334264559419326,5.153092631441211,0.7739535333666419,0.1501920475181102,0.0021417734377262576,0.001915229113569337,0.0033164412254436115,0.0024750906061783025,0.4367505310298174,0.32885382722196366,0.41135428924789963,0.3176944341090101,2,2,0.82470703125,4.08203125,0.8252742100366905,0.82561957017769,0.8254926589169199,0.8986953059878636,0.8221004037117994,0.8734187174981504,0.8549419733642324,1.6427286489205923,0.7978515625,0.93505859375,0.8203125,0.82421875,0.24562113181283382,0.24562113181283382,0.8224427873142667,0.14941713335280193,0.00029154447883517065,0.0004533107119476424,0.0003430319793755743,0.0003562973553194782,0.49237380739980274,0.5253359886006681,0.4937097955427667,0.5208515025642739,5.153092631441211,0.7940248291467125,0.15408704751434682,0.002044648236501523,0.0031995731222116694,0.003138506588247658,0.0036465460692033033,0.45207541792622763,0.5325731095227992,0.42451259738089586,0.5205146364386419
16,test,,3.699462890625,34.96875,34.71875,1.3251953125,0.71044921875,1.02734375,5,2,1.2822265625,3.5625,1.2834692345289969,1.2838092240291674,1.2837244797704852,1.3553207906124067,1.2813654734131315,1.3316061281717926,1.3196227162876992,2.0806553881098315,0.64013671875,0.880859375,0.81640625,0.8203125,0.849609375,0.16193390299731372,0.17369183570507862,5.50434055893928,0.799024523991513,0.1451626249204119,0.0003605082282529537,0.00032191411186305703,0.0004573012982378444,0.00031767770012261823,0.47460693872625104,0.3356485689504851,0.4761175398568325,0.3342033432844661,5.143645531781496,0.7919428097920236,0.15396527713637664,0.00035492903072409376,0.0003070506447595696,0.003091390686777551,0.0023615569537095314,0.4847800355380443,0.3895631727240021,0.2245103861660276,0.17621764058663142,2,2,0.82421875,4.08203125,0.8236851962068656,0.8240306475938193,0.8239036510940024,0.897121747760514,0.8221004037117994,0.8734187174981504,0.8549419733642324,1.6427286489205923,0.7978515625,0.93505859375,0.81982421875,0.82373046875,0.24562113181283382,0.24562113181283382,0.8225354253763918,0.14943396335471282,0.00025127122079293684,0.0003911143466592398,0.0002796003169676098,0.0002906226448494665,0.4923738123977879,0.5257260589525561,0.49370980054075364,0.5212339010016758,5.143645531781496,0.8128709324583265,0.15803401059341457,0.0003090402060381692,0.0004567952749282835,0.0029575333650262436,0.00356476373326243,0.5045439308909243,0.659509105831826,0.23814522054269283,0.29968127851351606
17,test,,3.6701347827911377,34.25,33.5625,1.314453125,0.6875,1.02734375,5,2,1.2822265625,3.5625,1.2827063841238657,1.2830464512478852,1.2829613766920496,1.3545694128750543,1.2408448620415076,1.2911792809057594,1.2782379489525528,2.0419984708024526,0.64013671875,0.880859375,0.81591796875,0.81982421875,0.95556640625,0.16442236728468085,0.1776132019775989,5.50434055893928,0.8021539032447147,0.14573115428731662,0.0003767988581229176,0.0003361565951290256,0.00041681124086512256,0.0002893464260530486,0.4747593718266616,0.33551593792299245,0.47610099976612474,0.3339542050085102,5.191707934661264,0.8048792567475549,0.1550316903179319,0.0003806325258910448,0.0003565604234779383,0.00048512076260021075,0.0003818084865791091,0.4125059655328931,0.3295512104622931,0.4741519864203596,0.371567233350881,2,2,0.82373046875,4.08203125,0.8248241567882957,0.8251695445494328,0.825042607695655,0.8982495947235472,0.8221004037117994,0.8734187174981504,0.8549419733642324,1.6427286489205923,0.7978515625,0.93505859375,0.81982421875,0.82373046875,0.24562113181283382,0.24562113181283382,0.8224827143359509,0.14942438708669734,0.00030792668474255436,0.00047910072213325395,0.0003416306866972363,0.0003549992675602844,0.4923738087636771,0.5255753547522145,0.49370979690664196,0.5210861615955956,5.191707934661264,0.8223067042627248,0.15838847535563008,0.0002808185067992852,0.0004766775190001408,0.00031060292266271716,0.0003920808638674024,0.4252934241237929,0.5499545021451092,0.4889949121222097,0.6130129359094155
18,test,,3.703803300857544,34.03125,34.25,1.302734375,0.724609375,1.02734375,5,2,1.2822265625,3.5625,1.2826317654339159,1.2829717870497457,1.282886802843849,1.3544889761746628,1.2793272230933619,1.329572663783197,1.3176837601776739,2.078712264533721,0.64013671875,0.880859375,0.81591796875,0.81982421875,0.91943359375,0.17024998656362278,0.1799894092465037,5.50434055893928,0.802057592185375,0.14571365699435146,0.0003189879292779807,0.0002838632129306647,0.0004598964195503541,0.00031862858915277463,0.4740476703844019,0.3343430155147131,0.47523715110419484,0.332686604957265,5.250912101738864,0.801190716384911,0.15258124700270512,0.00037212212724391236,0.00034975500696124114,0.0005025202293245101,0.0003943877728242863,0.383800759889378,0.305185201227301,0.4076851059441928,0.31321346807830724,2,2,0.82373046875,4.08203125,0.8234926579879994,0.8238381346655377,0.8237111239343853,0.8969328605445012,0.8221004037117994,0.8734187174981504,0.8549419733642324,1.6427286489205923,0.79833984375,0.93505859375,0.81982421875,0.8232421875,0.24562113181283382,0.24562113181283382,0.8223857537636357,0.14940677179358874,0.0002539354546033934,0.00039533128892955196,0.0002654444721832405,0.0002759413559587761,0.49237381246304857,0.5257898759508143,0.49371613821120786,0.5213031539591616,5.250912101738864,0.822392364256216,0.15661895463530554,0.00025087836496240357,0.0004270163975621563,0.000306047356822603,0.0003836421289806302,0.3964237093621197,0.5074786593003681,0.4222102285902878,0.5116556045627415
19,test,,3.7523958683013916,32.625,32.625,1.2919921875,0.736328125,1.02734375,5,2,1.2822265625,3.5625,1.283769809269248,1.284109819256145,1.2840251515408512,1.3556236069189103,1.2664576992036218,1.3167329861338688,1.3047047519960324,2.066435976327601,0.64013671875,0.880859375,0.81591796875,0.81982421875,0.91845703125,0.16204929828986858,0.17105503786102957,5.50434055893928,0.803865410079696,0.14604209195853352,0.0005109499593851652,0.00045671365989898623,0.0005669476448266764,0.00039415781126576324,0.4764087923646416,0.3371937841787818,0.4777526602026896,0.3356187318106382,5.263291741231388,0.782626931670199,0.14869533557094775,0.0016274580609065836,0.0014747064854182255,0.0033853676348964967,0.0026165471914532286,0.45098347319461407,0.33966198944082976,0.4183673747850536,0.3181469194014955,2,2,0.82373046875,4.08203125,0.8235654285593696,0.823910862056826,0.8237838763998722,0.8970004800522784,0.8221004037117994,0.8734187174981504,0.8549419733642324,1.6427286489205923,0.79833984375,0.93505859375,0.8193359375,0.8232421875,0.24562113181283382,0.24562113181283382,0.8222442258761071,0.14938105974216076,0.00027893986723626085,0.00043421172121756884,0.0002865122516597651,0.00029782077722774247,0.49237381239791844,0.5257509340931016,0.4937098005408842,0.5212582866782981,5.263291741231388,0.800158527551378,0.15202625408033615,0.0015144303871261755,0.002421031882884392,0.0030955673660999494,0.003794610052078648,0.466751242369031,0.549318194211673,0.4325747268494142,0.5168384606432784
20,test,,3.7139699459075928,31.71875,31.484375,1.2822265625,0.77099609375,1.02734375,5,2,1.2822265625,3.5625,1.2830846788123675,1.2834247863274175,1.2833394868195018,1.3549520329723312,1.2671950518232369,1.3174686341845983,1.3054580750468472,2.0671394482248893,0.64013671875,0.880859375,0.81591796875,0.81982421875,0.796875,0.17543010343519977,0.18140165338192227,5.50434055893928,0.8020077747886645,0.14570460642849764,0.00035466151246055233,0.00031646370206736053,0.00045016940126085814,0.000312546900127903,0.47536517296331926,0.3359917270364792,0.476621966941841,0.3343667105744829,5.265283682599817,0.801947024895199,0.15230841740690884,0.00040150194112253956,0.00036908055460065336,0.0004474471154622961,0.0003428095917314147,0.5290813069239384,0.39596881472850487,0.3452396397723678,0.25772090254242724,2,2,0.8232421875,4.08203125,0.8229643983367255,0.8233099275190053,0.8231828823438514,0.8964124685123426,0.8221004037117994,0.8734187174981504,0.8549419733642324,1.6427286489205923,0.79833984375,0.93505859375,0.8193359375,0.8232421875,0.24562113181283382,0.24562113181283382,0.8223312530932608,0.14939687039490324,0.00024109633335545055,0.00037570062480554294,0.00024870646691965703,0.00025870583752390366,0.4923738173958716,0.526133297941283,0.49370980553883737,0.5216331236030122,5.265283682599817,0.8222996525815558,0.15617385541808687,0.00023505797313294607,0.0003867559929773341,0.00024771027056669226,0.00030019679959354364,0.5470536525521759,0.6390114599092959,0.3594284636917262,0.4181774692091375
21,test,,3.782966136932373,34.71875,34.71875,1.271484375,0.701171875,1.02734375,5,2,1.2822265625,3.5625,1.2845360173862104,1.284875970515037,1.2847908249019788,1.3563806785756523,1.237227559257146,1.2875703658349715,1.274375080538427,2.038547885607234,0.64013671875,0.880859375,0.81591796875,0.81982421875,0.916015625,0.1629815418646355,0.17379544572171868,5.50434055893928,0.7991240549970975,0.14518070719648452,0.00030857722788901754,0.00027515051291217616,0.0004949753498424414,0.0003434683416459746,0.4744824054789527,0.3351822399656991,0.4758087783581342,0.33361293696540584,5.234307722161449,0.790112231873888,0.15094875460390778,0.001403519110683149,0.0013150990278963043,0.0007920526857283505,0.0006324539966487474,0.38633187651052303,0.3013812870624789,0.35167138498605954,0.2640380284914981,2,2,0.8232421875,4.08203125,0.8231800869609192,0.8235255697411652,0.8233985461923263,0.8966220686635968,0.8221004037117994,0.8734187174981504,0.8549419733642324,1.6427286489205923,0.79833984375,0.93505859375,0.8193359375,0.8232421875,0.24562113181283382,0.24562113181283382,0.8223575100986267,0.14940164063124395,0.00022842552077495526,0.00035564924770641,0.00026146223778589217,0.000271818121349424,0.4923738136310485,0.5258226165246591,0.49370980177401336,0.5213285584930191,5.234307722161449,0.8099751946718897,0.1547435186591245,0.0013516892903639999,0.002283887668326835,0.0006584390784327709,0.0008474656234179768,0.39996515362423946,0.49594343506072464,0.36325061945580917,0.42411085002696375
22,test,,3.736741304397583,32.40625,32.625,1.2607421875,0.71044921875,1.02734375,5,2,1.2822265625,3.5625,1.2801880441781186,1.2805281629403718,1.280442728725739,1.3520624466377538,1.2699262683696722,1.320193451463553,1.308118722442209,2.0697434708723677,0.64013671875,0.880859375,0.81591796875,0.81982421875,0.95703125,0.16819909011463074,0.17887623621608037,5.50434055893928,0.7999148417712614,0.1453243732298079,0.0003001877860375757,0.00026803794969077827,0.0004120120142951933,0.000286205120459463,0.4764143127812419,0.3369135185153055,0.4780093014234188,0.3355181391579469,5.316887832311388,0.8020125639584341,0.15084248328213812,0.00031044188126649885,0.00028021686690007496,0.0005179649594921898,0.0003823096920257641,0.5341645271300841,0.39938266878347195,0.34963278937828424,0.2624765951892637,2,2,0.82373046875,4.08203125,0.8226286746474439,0.8229742310439067,0.8228471656547801,0.8960809614469788,0.8221004037117994,0.8734187174981504,0.8549419733642324,1.6427286489205923,0.79833984375,0.93505859375,0.8193359375,0.8232421875,0.24562113181283382,0.24562113181283382,0.8221532125511798,0.14936452491406413,0.0002617719581259337,0.00040712772665144943,0.00032608042329673737,0.0003387509078889478,0.49237380866014036,0.5254326106457498,0.4937097968031052,0.5209462248381057,5.316887832311388,0.8224396216396742,0.15468440327847552,0.00024450836323541836,0.0003887643207376998,0.00027464430959600605,0.0003135548521422856,0.5511299229124411,0.641931204018425,0.3630966268521867,0.4256064970978859
23,test,,3.790003538131714,30.328125,30.5625,1.25,0.71533203125,1.02734375,5,2,1.2822265625,3.5625,1.2825887835801195,1.282928919279767,1.2828440466128819,1.3544606408102695,1.277897044643861,1.3281457332118578,1.3158478357318157,2.0773466425746934,0.64013671875,0.880859375,0.81591796875,0.8193359375,0.9560546875,0.17038113873307117,0.1780002000663912,5.50434055893928,0.8029602949579719,0.14587765534491334,0.00032291223695324334,0.0002882953017377295,0.00032876902729572777,0.0002283596428711882,0.4782552908150146,0.33818446550550474,0.4794863252348156,0.3365242878990317,5.235422012174751,0.7955085626278908,0.15194736179394316,0.0019247138111300188,0.0017265744553107698,0.003134591016966226,0.0023359018333184134,0.4371116700082771,0.3394212464067632,0.5221465622126695,0.38964985213770653,3,3,0.8232421875,4.08203125,0.8240759442875945,0.8244213254857431,0.8242943642621781,0.8975031883423186,0.8221004037117994,0.8734187174981504,0.8549419733642324,1.6427286489205923,0.79833984375,0.93505859375,0.8193359375,0.82275390625,0.24411701061065053,0.24411701061065053,0.8222077515631728,0.14937443327845568,0.00021827039579136454,0.0003401286855987415,0.00024929311477528415,0.0002593149212032087,0.4923738173958574,0.526130899702471,0.49370980553882315,0.5216307725934629,5.235422012174751,0.8148577719154728,0.15564318788830314,0.0017669860512361524,0.002780145309461248,0.002783011552590864,0.003225806360360505,0.4544066575661141,0.5619467770814102,0.5408214552973165,0.6282374992390316
24,test,,3.7723097801208496,31.71875,32.1875,1.240234375,0.701171875,1.02734375,5,2,1.28125,3.5625,1.2814871954958038,1.2818272752166768,1.2817423531505991,1.3533539208861194,1.2612864076055113,1.3115735958054988,1.2990791094016565,2.0615012396912924,0.64013671875,0.880859375,0.8154296875,0.8193359375,0.84765625,0.16318086582824723,0.17464661657268293,5.50434055893928,0.8033962415965774,0.14595685586565466,0.0003259228227143751,0.0002912288821086593,0.0004355352489735509,0.0003027171037740418,0.4762052831332486,0.3369600542071089,0.47754437315567344,0.33538380802199297,5.309418344879897,0.791571297380538,0.1490881384669725,0.0024392404948496704,0.0022981992782823224,0.004149664986360158,0.0032265995380218486,0.4628050618555326,0.3418756097821139,0.3869375437616336,0.28443550772213305,2,2,0.82275390625,4.08203125,0.8228124795042383,0.8231580113619534,0.8230309599204624,0.8962613312689354,0.8221004037117994,0.8734187174981504,0.8549419733642324,1.6427286489205923,0.79833984375,0.93505859375,0.81884765625,0.82275390625,0.24562113181283382,0.24562113181283382,0.8221357444127301,0.14936135139341028,0.00021516883362426853,0.00033552487716388994,0.00021626338092950448,0.00022506004502478223,0.4923738210954074,0.5263776074641638,0.49370980923837315,0.521872620634083,5.309418344879897,0.8109409130263653,0.15273629997688745,0.0022893365999410165,0.003941613276315353,0.0037793493911646436,0.004691803229327388,0.4807708565988653,0.5506068962215821,0.4025946501580018,0.4575917635318193
25,test,,3.8317418098449707,32.875,33.34375,1.2294921875,0.69921875,1.02734375,5,2,1.28125,3.5625,1.2803398885144157,1.2806800279143,1.2805945812085404,1.3522165831942121,1.2719016588064513,1.322164219912109,1.3100546833604065,2.0716269930958413,0.64013671875,0.880859375,0.8154296875,0.8193359375,0.84765625,0.165830008832211,0.17329299089860528,5.50434055893928,0.8009893370260024,0.1455195819461356,0.00032033425792299397,0.0002857890203405798,0.0004403747229266841,0.00030570950207884495,0.4746139846980544,0.335419367441502,0.47579024098473965,0.3337423266829951,5.325042252179315,0.7717822707100683,0.14493448768302458,0.002052027538282708,0.0018142999744378292,0.002634158549716936,0.001960706999979622,0.45229459905954883,0.3316545771791755,0.34390466869285063,0.2476901816097636,2,2,0.82275390625,4.08203125,0.8222842108252646,0.822629795187826,0.8225027092949991,0.8957409302397016,0.8221004037117994,0.8734187174981504,0.8549419733642324,1.6427286489205923,0.79833984375,0.93505859375,0.81884765625,0.82275390625,0.24562113181283382,0.24562113181283382,0.8222307239491071,0.14937860678220027,0.00021026425701897722,0.00032787160857405083,0.00021616300335214333,0.00022495316406377018,0.4923738210953763,0.5263717893176297,0.49370980923834207,0.5218669171252173,5.325042252179315,0.7955585166738862,0.14939947497098222,0.0018636482049068093,0.00285901839359532,0.0024962373735313292,0.0028881845316649996,0.46998031231438286,0.5313086806103315,0.3589400352412353,0.39475800283733553
26,test,,3.7886710166931152,34.71875,34.71875,1.2197265625,0.6875,1.02734375,5,2,1.28125,3.5625,1.2792061624846038,1.2795462926121228,1.279460643723665,1.3510838943483336,1.282459644320422,1.3326977532673454,1.3204212839659706,2.081698957433724,0.64013671875,0.880859375,0.8154296875,0.8193359375,0.916015625,0.15874386336234664,0.17218105534834105,5.50434055893928,0.8021983367486312,0.14573922673549466,0.00039038847702599355,0.0003488898688672297,0.00041513022424854995,0.00028857172361296756,0.4756450479184524,0.33660763762356827,0.4769835495138439,0.3350334060723621,5.257216914073906,0.788566896235807,0.14999702487541705,0.001067038298190326,0.0009852436059532082,0.000907137129760649,0.000709296032310657,0.5299199280372049,0.40352374738910324,0.35354887190817497,0.271705537612815,2,2,0.82275390625,4.08203125,0.822651822795592,0.8229973580806319,0.8228703000850733,0.896101672132698,0.8221004037117994,0.8734187174981504,0.8549419733642324,1.6427286489205923,0.79833984375,0.93505859375,0.81884765625,0.82275390625,0.24562113181283382,0.24562113181283382,0.822164762167678,0.1493666231883941,0.00020483051560660215,0.0003194723306547845,0.0002059253509072434,0.00021433221200353725,0.49237382232856586,0.5264550814741128,0.4937098104715334,0.5219485680133636,5.257216914073906,0.8110185498428591,0.1542676596949444,0.0010612587969021092,0.0017557994119199623,0.0008025652591054921,0.0010027844391489733,0.5479522068560039,0.6565117438962235,0.36715793050706935,0.44632125253561844
27,test,,3.7389934062957764,35.40625,35.1875,1.2099609375,0.7431640625,1.02734375,5,2,1.28125,3.5625,1.280671961272582,1.2810121192231458,1.2809270080454291,1.3525503368094323,1.2410814889582493,1.2914155223434758,1.278684021560055,2.042227434490809,0.64013671875,0.880859375,0.8154296875,0.8193359375,0.916015625,0.17334665742333494,0.181222183701574,5.50434055893928,0.8031931858097188,0.1459199657450881,0.0003158774541827114,0.000281893679929873,0.0003960897347665693,0.00027502809357010774,0.4747248292719135,0.3355739317022801,0.47603691803892634,0.3339906604561694,5.286531728671374,0.802114510219768,0.15172792889325146,0.00031265683092218666,0.0002791493448962384,0.0004918510677978105,0.0003817732523674688,0.4862340342388478,0.37066620636884573,0.37962347544924935,0.2878644909144472,2,2,0.82275390625,4.08203125,0.8224680171865401,0.8228135770103362,0.82268650506658,0.8959213015610358,0.8221004037117994,0.8734187174981504,0.8549419733642324,1.6427286489205923,0.79833984375,0.93505859375,0.81884765625,0.82275390625,0.24562113181283382,0.24562113181283382,0.82223913596463,0.14938013503348357,0.00020483051560660215,0.0003194723306547845,0.0002059253509072434,0.00021433221200353725,0.49237382232856586,0.5264550814741128,0.4937098104715334,0.5219485680133636,5.286531728671374,0.8221760664388345,0.15552277157059002,0.00021012240241269353,0.00032821439750868066,0.00020838369133358015,0.00025774196935041805,0.5033870534076472,0.6050699859905212,0.3926867448566176,0.46808495811032513
28,test,,3.804264783859253,33.34375,33.09375,1.19921875,0.70361328125,1.02734375,5,2,1.28125,3.5625,1.2816277587505516,1.2819679280333807,1.281882980477961,1.3535057005420412,1.2596740606177406,1.3099651035396298,1.2978936940966148,2.0599655098150174,0.64013671875,0.880859375,0.8154296875,0.8193359375,0.8466796875,0.1708401331654522,0.1783255780689147,5.50434055893928,0.8035004273272026,0.14597578378799334,0.0004068118611675331,0.0003628695321496191,0.0005099420515195519,0.0003539492867832599,0.4749477786938314,0.33560307333176576,0.4764100252319281,0.3341254976818983,5.304248083969567,0.7908772464585614,0.14910261246051837,0.0002974877383215002,0.0002674640089656616,0.003933450045358278,0.003020190443716963,0.42269201459563455,0.32173813586591266,0.35418229284818104,0.2648160178568465,2,2,0.82275390625,4.08203125,0.822651822795592,0.8229973580806319,0.8228703000850733,0.896101672132698,0.8221004037117994,0.8734187174981504,0.8549419733642324,1.6427286489205923,0.79833984375,0.93505859375,0.81884765625,0.82275390625,0.24562113181283382,0.24562113181283382,0.8222204525527986,0.14937674072827456,0.0002367185140554895,0.00036888373372411925,0.0002533785380105513,0.0002635681690427626,0.4923738173958929,0.5261382551944094,0.4937098055388587,0.5216379832306468,5.304248083969567,0.8112801747625281,0.15294913848663472,0.00023774996386194402,0.0003761996499816018,0.0037775289132193635,0.004594921343202358,0.43822918306772074,0.5257689893380321,0.36793097798552843,0.4292290149447589
29,test,,3.75823712348938,33.5625,33.34375,1.189453125,0.6875,1.02734375,5,2,1.28125,3.5625,1.2831044195072265,1.2834445268097534,1.2833594068429515,1.354971711409411,1.2471101763358372,1.2974301618050046,1.284694701340494,2.0479769005424027,0.64013671875,0.880859375,0.8154296875,0.8193359375,0.916015625,0.1678962832334973,0.17885047092580503,5.50434055893928,0.801987787651053,0.14570097526916123,0.00034901702253176126,0.000310872564464109,0.00044725583360527565,0.0003100936222742628,0.47450593914624406,0.3349111580845754,0.4758018781516258,0.3333238911013202,5.277382963426841,0.803175281215859,0.15219196461238457,0.0002927394337222111,0.0002656636543803861,0.00034238115044615824,0.0002620413660345632,0.40158530174932405,0.3052106340831952,0.4708958946019095,0.35174422472380457,2,2,0.82275390625,4.08203125,0.8226286746474439,0.8229742310439067,0.8228471656547801,0.8960809614469788,0.8221004037117994,0.8734187174981504,0.8549419733642324,1.6427286489205923,0.79833984375,0.93505859375,0.81884765625,0.82275390625,0.24562113181283382,0.24562113181283382,0.822151974394257,0.14936429997214612,0.00021283759966372884,0.0003318130792905459,0.00023064635889546992,0.00023999109911599414,0.49237381986221695,0.5262943398183604,0.4937098080051827,0.5217909935035738,5.277382963426841,0.8222467461290037,0.15580577567087953,0.00021391408115878363,0.00034362144508550324,0.00021557445763509264,0.00026060653819263014,0.4168501377790488,0.4984008314801686,0.4867266385543072,0.5663853098504837
30,test,,3.8388447761535645,30.5625,31.484375,1.1796875,0.71044921875,1.02734375,5,2,1.28125,3.5625,1.2813835848402562,1.281723689689941,1.2816382704629001,1.3532539116752467,1.2964812233100946,1.3466868791514106,1.3346168816399306,2.095075485109338,0.64013671875,0.880859375,0.8154296875,0.8193359375,0.9130859375,0.16557577867721018,0.1732171755804187,5.50434055893928,0.7990567454099307,0.1451684787403332,0.0003614628195434122,0.000322559541460691,0.00035219627353200167,0.00024454135660611516,0.47654088726879706,0.3368451046117214,0.47788678076861935,0.33527612438262483,5.2778039258648,0.7818368834630676,0.14813678083635115,0.0003830741885400002,0.00034656016281540037,0.007794369903184162,0.005849160716793166,0.49055503179519455,0.3684007373025335,0.2974570294513459,0.21882494266527674,2,2,0.82275390625,4.08203125,0.8224680171865401,0.8228135770103362,0.82268650506658,0.8959213015610358,0.8221004037117994,0.8734187174981504,0.8549419733642324,1.6427286489205923,0.79833984375,0.93505859375,0.81884765625,0.82275390625,0.24562113181283382,0.24562113181283382,0.8221304255550878,0.14936038509098307,0.00022808724353406973,0.00035549814596926786,0.00022815904514139618,0.00023736331567749465,0.492373818628991,0.5262039400741643,0.4937098067719594,0.5217023744615229,5.2778039258648,0.8012496528520071,0.15181497155006898,0.00023717612779083908,0.00037926398892266676,0.007655734585364726,0.008979704381904935,0.5060725455086494,0.5942764681053254,0.3093000421223362,0.3517429068025684
31,test,,3.778355121612549,32.625,32.875,1.169921875,0.7060546875,1.02734375,5,2,1.28125,3.5625,1.2827965872918479,1.2831366981750012,1.2830517015745857,1.3546649281225882,1.2488401150347794,1.2991561087383494,1.2858720150998117,2.0496274969751447,0.64013671875,0.880859375,0.8154296875,0.8193359375,0.8466796875,0.1657848195709245,0.17740334650730377,5.50434055893928,0.8009386556275386,0.14551037441293138,0.00036618564006651866,0.000326825480587002,0.0003600136163788292,0.0002499997984492837,0.4762612201419003,0.3366893829610887,0.4775416529575942,0.3350754389871679,5.295446747833564,0.8014991388970967,0.15135628343821989,0.0003558430433807658,0.00031795400355855423,0.0004715436616562485,0.0003541272391413949,0.5516557383654632,0.41116689919756266,0.3007955799230828,0.2196440754134566,2,2,0.822265625,4.08203125,0.8222842108252646,0.822629795187826,0.8225027092949991,0.8957409302397016,0.8221004037117994,0.8734187174981504,0.8549419733642324,1.6427286489205923,0.79833984375,0.93505859375,0.81884765625,0.822265625,0.24562113181283382,0.24562113181283382,0.8221638254925858,0.149366453018129,0.0002238058866002035,0.0003489077037063229,0.00022469275747738493,0.00023379409488002038,0.4923738198621894,0.5262892755126359,0.49370980800515607,0.521786028964663,5.295446747833564,0.8220938682928297,0.15524542261314572,0.000242493005608857,0.0003800765300932446,0.00023556910840749623,0.0002770060339976638,0.5698916324786722,0.6622572418066968,0.31287367153618995,0.35221064125013196
32,test,,3.813710927963257,31.484375,31.25,1.16015625,0.6875,1.02734375,5,2,1.28125,3.5625,1.2805979192675319,1.280938078105374,1.28085307002402,1.3524765547284197,1.292889349474874,1.3431033464047912,1.3310296589883726,2.091649402041285,0.64013671875,0.880859375,0.8154296875,0.8193359375,0.845703125,0.16246556087605127,0.17454187986397235,5.50434055893928,0.8031427604403909,0.14591080472592732,0.0003303815779736041,0.0002944520679823191,0.00042710634525278124,0.0002962630897010851,0.47635170369555624,0.33637528448757326,0.4777095633654671,0.3348197475080646,5.262624995440292,0.7866359193172905,0.149475959240656,0.0009210007494493411,0.0008104324208282959,0.001984678017932673,0.0015201664828936603,0.4855735602798683,0.3629829866093365,0.3843893674296712,0.2857549283463637,2,2,0.822265625,4.08203125,0.8222842108252646,0.822629795187826,0.8225027092949991,0.8957409302397016,0.8221004037117994,0.8734187174981504,0.8549419733642324,1.6427286489205923,0.79833984375,0.93505859375,0.818359375,0.822265625,0.24562113181283382,0.24562113181283382,0.8221728710226264,0.14936809636303902,0.00021026331175022506,0.00032780108927155235,0.00022907598436106014,0.0002383577387823422,0.4923738198622294,0.5262957883654278,0.4937098080051934,0.5217924135140675,5.262624995440292,0.8083574710488687,0.15360347198389696,0.0007477031127605116,0.001131460922420732,0.0018203471941156124,0.0021932824964723597,0.5010983858827451,0.5812333267490266,0.39693623136224954,0.45647415093510063
33,test,,3.878094434738159,30.328125,30.328125,1.1513671875,0.7197265625,1.02734375,5,2,1.28125,3.5625,1.281012453364765,1.2813526073552213,1.2812672149807909,1.3528896688058523,1.2970252540505303,1.3472296316084296,1.3351302745215203,2.095594108256508,0.64013671875,0.880859375,0.8154296875,0.81884765625,0.84765625,0.16032974016897913,0.17046443292411595,5.50434055893928,0.8012668493325517,0.14556999894042907,0.0003393922052365994,0.00030207307766464336,0.0003853264399857892,0.0002670005402171542,0.47493480481240624,0.33501473381263946,0.4761485663230953,0.33337009581513155,5.35476340022909,0.7822719301024492,0.14608898127394046,0.004157262582928922,0.003658529252654133,0.00808046118919048,0.006037279816530766,0.4123358649625857,0.3037768758472687,0.4399288722132315,0.31744215985177954,2,2,0.822265625,4.08203125,0.8222842108252646,0.822629795187826,0.8225027092949991,0.8957409302397016,0.8221004037117994,0.8734187174981504,0.8549419733642324,1.6427286489205923,0.79833984375,0.93505859375,0.818359375,0.822265625,0.24562113181283382,0.24562113181283382,0.8221379748210859,0.14936175660241433,0.00020483051560660215,0.0003194723306547845,0.0002059253509072434,0.00021433221200353725,0.49237382232856586,0.5264550814741128,0.4937098104715334,0.5219485680133636,5.35476340022909,0.8030878037878153,0.14997633765731969,0.004025626265462989,0.006118192642471974,0.007976360516654069,0.009273941229318634,0.42758935163684164,0.4864387453867029,0.4551685405829451,0.5015570983813705
34,test,,3.7553935050964355,32.875,33.09375,1.1416015625,0.74072265625,1.02734375,5,2,1.28125,3.5625,1.27934022453991,1.2796803979688627,1.279595087625738,1.3512231344016228,1.2867432194479762,1.3369714355781182,1.3247972801936856,2.0857858987361686,0.64013671875,0.880859375,0.81494140625,0.81884765625,0.84619140625,0.17258556676365922,0.18013483006415107,5.50434055893928,0.802294049676531,0.14575661536304685,0.0003635979818117363,0.00032495080629334373,0.00046445616792123445,0.0003228627021496814,0.47589147249493013,0.3367849680189547,0.4773827514673288,0.33531671000698127,5.338007942191588,0.8047007541279554,0.1507492613054403,0.00027877017759170286,0.00025462673419036707,0.0003801277514270396,0.0002887152321825473,0.4595152799820106,0.34707499891580373,0.4012492643725212,0.2940405218631504,2,2,0.822265625,4.08203125,0.8221004037117994,0.8224460126131342,0.8223189127703642,0.8955605581687297,0.8221004037117994,0.8734187174981504,0.8549419733642324,1.6427286489205923,0.79833984375,0.93505859375,0.818359375,0.822265625,0.24562113181283382,0.24562113181283382,0.822173949709567,0.14936829233327906,0.00020483051560660215,0.0003194723306547845,0.0002059253509072434,0.00021433221200353725,0.49237382232856586,0.5264550814741128,0.4937098104715334,0.5219485680133636,5.338007942191588,0.8220939948178619,0.15400763800294023,0.0002138111262652842,0.00034899490983514064,0.0002294682272010462,0.0002749941800105912,0.47670323458339947,0.5662939354891946,0.4166247339765432,0.4721309704050682
35,test,,3.756420612335205,32.625,32.1875,1.1318359375,0.71533203125,1.02734375,5,2,1.28125,3.5625,1.2801924302202783,1.2805326161183654,1.280447121686642,1.3520752393776583,1.2999442576120093,1.3501419513854296,1.3385168020347138,2.098380261838697,0.64013671875,0.880859375,0.8154296875,0.81884765625,0.84716796875,0.1664768877026964,0.1771659494200631,5.50434055893928,0.8023367150502645,0.14576436658651798,0.0003188828610172223,0.000284610741871167,0.0004032894788128516,0.00028005408454111284,0.47506301839118414,0.33584569797919134,0.47647197212150516,0.33432821340536417,5.3320131690224315,0.8039329604398433,0.15077475147857444,0.0003014559628518043,0.00027943131730482495,0.00033245862637798496,0.00025265463919761145,0.44889145456648993,0.3358745963286707,0.37264278998796474,0.27241663577216557,2,2,0.822265625,4.08203125,0.8224680171865401,0.8228135770103362,0.82268650506658,0.8959213015610358,0.8221004037117994,0.8734187174981504,0.8549419733642324,1.6427286489205923,0.79833984375,0.93505859375,0.818359375,0.822265625,0.24562113181283382,0.24562113181283382,0.8221252456794429,0.14935944403808318,0.00020483051560660215,0.0003194723306547845,0.0002059253509072434,0.00021433221200353725,0.49237382232856586,0.5264550814741128,0.4937098104715334,0.5219485680133636,5.3320131690224315,0.8221398476009895,0.15418938804903967,0.0002142114350185409,0.0003562896075514072,0.00021474366962159763,0.00025617456997383535,0.4642735296668761,0.5405479905644159,0.3857359249669621,0.4332534936558258
36,test,,3.8344311714172363,32.875,33.09375,1.123046875,0.72216796875,1.02734375,5,2,1.28125,3.5625,1.2806781948470913,1.2810183751532975,1.280933319814423,1.3525593658877442,1.280002323872508,1.330246116061978,1.3176299203049127,2.0793545994175604,0.64013671875,0.880859375,0.8154296875,0.81884765625,0.79541015625,0.16873732520508272,0.17715192254247844,5.50434055893928,0.8049020385288101,0.14623042123031713,0.0003512753736103491,0.0003136612886222451,0.0004329212411207095,0.00030073512378776097,0.47620887662993994,0.33677434672965556,0.4776075972468572,0.33524221671354604,5.298611096409426,0.789432645207981,0.1489885992468735,0.0016331713522115265,0.00148401734371882,0.0032772242302741006,0.0024444290783563033,0.49463736801590574,0.3688282126489042,0.41647535706669636,0.3108020831132183,2,2,0.822265625,4.08203125,0.8222842108252646,0.822629795187826,0.8225027092949991,0.8957409302397016,0.8221004037117994,0.8734187174981504,0.8549419733642324,1.6427286489205923,0.79833984375,0.93505859375,0.818359375,0.822265625,0.24562113181283382,0.24562113181283382,0.8220918449897633,0.14935337597428483,0.00022265350212080648,0.0003471091488855154,0.00021792139269649624,0.0002267475719876485,0.4923738198621814,0.5262871791154107,0.4937098080051472,0.5217839738661444,5.298611096409426,0.8098247708026344,0.1528371786620474,0.0015183969149861198,0.0024435085421973396,0.0030140312684858728,0.003498242461280106,0.5102990866264001,0.5919953818545816,0.4295185532799861,0.49892082284171446
37,test,,3.811391592025757,31.9375,31.9375,1.11328125,0.72705078125,1.02734375,5,2,1.28125,3.5625,1.2800640562066912,1.280404198835325,1.2803190392185824,1.351941696734128,1.2713434799474992,1.321607337892562,1.3095052906206854,2.0710945907334297,0.64013671875,0.880859375,0.81494140625,0.81884765625,0.916015625,0.16323170874274387,0.17353477040060403,5.50434055893928,0.8027126338212671,0.1458326615560929,0.00043553368747772936,0.000388613506165293,0.00042033244354389154,0.000291824313892743,0.47539574225204007,0.3360049346837223,0.4768775067795188,0.33453768066878553,5.346685550111824,0.7907478417324254,0.1478949592829313,0.005650819608345792,0.00520782092193432,0.003979499944827047,0.003007665763857864,0.4800072968070319,0.35262073726131393,0.4197136425391408,0.30468393191150267,2,2,0.822265625,4.08203125,0.8224680171865401,0.8228135770103362,0.82268650506658,0.8959213015610358,0.8221004037117994,0.8734187174981504,0.8549419733642324,1.6427286489205923,0.79833984375,0.93505859375,0.818359375,0.822265625,0.24562113181283382,0.24562113181283382,0.8221610354952797,0.1493659461459113,0.0002485838420254183,0.00038735837461628003,0.00023207114795376071,0.00024139750987865193,0.49237381739582187,0.5261239456065977,0.4937098055387876,0.5216239554454001,5.346685550111824,0.8137380041098051,0.15219484977806225,0.005584449634424615,0.009243853684905845,0.003880535584442235,0.004607723432843111,0.4995407208238367,0.567454725503807,0.43750538053407784,0.4879607933857133
38,test,,3.787677764892578,32.625,32.875,1.1044921875,0.712890625,1.02734375,5,2,1.28125,3.5625,1.2827069370463553,1.2830470041899418,1.2829622190213033,1.3545699715294963,1.3032032414832695,1.3533933640964753,1.3417653423210976,2.101488758359419,0.64013671875,0.880859375,0.8154296875,0.8193359375,0.8466796875,0.16693575561732035,0.17623433647573364,5.50434055893928,0.7995778513858551,0.14526315056711148,0.00033482200446055543,0.00029892731295865513,0.00045529986828451996,0.00031624586139636525,0.4758958247653835,0.3365151436809456,0.4770944438155338,0.3348446795950964,5.263465812867545,0.7923011342071631,0.15052840891836555,0.0021569502398710583,0.001973242316108052,0.0028831901213592914,0.00226942790438897,0.38111158996676675,0.3033284060077499,0.4729946141716246,0.35558911760604767,2,2,0.822265625,4.08203125,0.822651822795592,0.8229973580806319,0.8228703000850733,0.896101672132698,0.8221004037117994,0.8734187174981504,0.8549419733642324,1.6427286489205923,0.79833984375,0.93505859375,0.818359375,0.822265625,0.24562113181283382,0.24562113181283382,0.82218667885121,0.1493706048976102,0.00020483051560660215,0.0003194723306547845,0.0002059253509072434,0.00021433221200353725,0.49237382232856586,0.5264550814741128,0.4937098104715334,0.5219485680133636,5.263465812867545,0.8131103906112448,0.15448193633621435,0.0020462893707193786,0.0033319869871384074,0.002712223511561085,0.003426760130726246,0.39619596298652127,0.5095980286612459,0.48938431105404856,0.574929738665159
39,test,,3.810793161392212,32.875,33.34375,1.095703125,0.73828125,1.02734375,5,2,1.28125,3.5625,1.2796309601200613,1.2799711077349696,1.279885472071352,1.351510061354589,1.2708807588796893,1.32114576964321,1.3091420850517042,2.070654782998145,0.64013671875,0.880859375,0.8154296875,0.8193359375,0.916015625,0.1712280058231163,0.17970532084837287,5.50434055893928,0.7978957458569751,0.14495755437245955,0.000346100116202841,0.0003085510286280633,0.00039767805432244785,0.0002759126264186024,0.4748123296851823,0.33536562267126097,0.47610738292075716,0.3337732266735469,5.270882724507346,0.8030389018891366,0.15235377902743877,0.0003557696811258282,0.00032423058394928097,0.0004148489930182464,0.0003120318058770108,0.5682597356731467,0.42852321895465884,0.2985215911241115,0.22896201391796722,2,2,0.82275390625,4.08203125,0.8228356276523864,0.8231811383986788,0.8230540943504452,0.8962820419546547,0.8221004037117994,0.8734187174981504,0.8549419733642324,1.6427286489205923,0.79833984375,0.93505859375,0.818359375,0.822265625,0.24562113181283382,0.24562113181283382,0.8221379748210859,0.14936175660241433,0.00023976583769336202,0.00037379816340566996,0.00023760801619232552,0.0002472366009033683,0.49237381986224715,0.5262982537907641,0.4937098080052147,0.5217948303699955,5.270882724507346,0.8222113496752642,0.15599120539190406,0.00021118154655574983,0.00034237588848022734,0.00021359891166028433,0.0002515749026282802,0.5864404934575091,0.6934979242427348,0.311632091521437,0.3784963738268154
40,test,,3.78354811668396,32.40625,32.1875,1.0859375,0.74755859375,1.02734375,5,2,1.28125,3.5625,1.279731073077676,1.2800712643847179,1.2799861152829144,1.35161546676395,1.272887723096543,1.3231480756567244,1.3108627271115112,2.0725691588617847,0.64013671875,0.880859375,0.8154296875,0.81884765625,0.845703125,0.16763767595945095,0.17813131293477574,5.50434055893928,0.8027156294387701,0.14583320578431982,0.00032571767005507013,0.00029066824503403457,0.0004377177925443121,0.0003039271851425812,0.47657216324959784,0.33687336127057177,0.47790055771954343,0.3352918645825719,5.3112266545314135,0.8029667673632155,0.1511829224381044,0.0003444026005743339,0.0003204387723909022,0.00047201041251554443,0.0003637822172151445,0.4770392775637351,0.3655188959073329,0.4522282650047522,0.33601200980950335,2,2,0.822265625,4.08203125,0.8226286746474439,0.8229742310439067,0.8228471656547801,0.8960809614469788,0.8221004037117994,0.8734187174981504,0.8549419733642324,1.6427286489205923,0.79833984375,0.93505859375,0.818359375,0.822265625,0.24562113181283382,0.24562113181283382,0.8220918449897633,0.14935337597428483,0.0002183721451851639,0.00034051520106859315,0.000214455105032485,0.00022317612538321093,0.4923738210953772,0.5263725415558316,0.49370980923834473,0.5218676545417988,5.3112266545314135,0.822094257745506,0.15478425441401839,0.00021737413596056854,0.0003651465391547399,0.00021882152484931083,0.00026749804778940006,0.4943576705305208,0.5987687239168034,0.46735234188101327,0.5394239475475731
41,test,,3.7828521728515625,33.78125,33.09375,1.0771484375,0.6943359375,1.02734375,5,2,1.28125,3.5625,1.2793304871019089,1.2796706606257107,1.2795852085048185,1.3512134247492373,1.2680287722362726,1.3183003439653733,1.306188505282039,2.0679332050767654,0.64013671875,0.880859375,0.8154296875,0.81884765625,0.845703125,0.16927132575899956,0.18014513583233105,5.50434055893928,0.8018712219837147,0.1456797982242291,0.00027804736962444565,0.0002490165392405488,0.00035867606002870644,0.00024973861884847583,0.47507681255543943,0.3367686193589814,0.47640280244616307,0.3351817635012648,5.29291554480814,0.8028896925422893,0.1516913855407819,0.00029263596420037175,0.0002707064117457817,0.00030882146000266175,0.0002394408344994396,0.4039862452129155,0.3160991423063598,0.4751925756258011,0.3518616800578352,2,2,0.822265625,4.08203125,0.8222842108252646,0.822629795187826,0.8225027092949991,0.8957409302397016,0.8221004037117994,0.8734187174981504,0.8549419733642324,1.6427286489205923,0.79833984375,0.93505859375,0.818359375,0.822265625,0.24562113181283382,0.24562113181283382,0.8221892538021931,0.14937107270132902,0.0002249837908046004,0.0003507476423098827,0.00022106646265562802,0.00023002249710414146,0.4923738198622125,0.526292995391655,0.4937098080051783,0.5217896755621767,5.29291554480814,0.8221393543097913,0.15532825856559038,0.000201875684210151,0.00033565444896613473,0.00020513416626144476,0.000253192214144048,0.41930651913927797,0.5251394818120997,0.491617208155108,0.5644673453675181
42,test,,3.817089557647705,32.625,32.40625,1.068359375,0.72900390625,1.02734375,5,2,1.28125,3.5625,1.2811264470666328,1.2814665773490306,1.2813814381583912,1.3530004708193661,1.2724576708735333,1.3227188308833315,1.3092386674376841,2.0721551567612346,0.64013671875,0.880859375,0.81494140625,0.81884765625,0.845703125,0.16707898448085418,0.17825966276197486,5.50434055893928,0.8002134171167647,0.14537861684760486,0.00032407880086005036,0.0002894404073952706,0.0004436175852458035,0.00030821811932539806,0.474917456865688,0.3359194428778426,0.47610913344043837,0.33424807782183436,5.258262113163544,0.8020290220473825,0.1525273949428237,0.00035347982207145634,0.0003330917010180089,0.0004851579749987067,0.00038196879386246486,0.3557421947227706,0.27935680407231095,0.3570251429185065,0.2752597728522689,2,2,0.822265625,4.08203125,0.8224680171865401,0.8228135770103362,0.82268650506658,0.8959213015610358,0.8221004037117994,0.8734187174981504,0.8549419733642324,1.6427286489205923,0.79833984375,0.93505859375,0.818359375,0.822265625,0.24562113181283382,0.24562113181283382,0.822140549772069,0.14936222440613314,0.00020483051560660215,0.0003194723306547845,0.0002059253509072434,0.00021433221200353725,0.49237382232856586,0.5264550814741128,0.4937098104715334,0.5219485680133636,5.258262113163544,0.8221430050306583,0.1563526099188749,0.0002094086177031329,0.00035911535862454366,0.0002095494504157358,0.0002645607203646853,0.3671627353325553,0.4616378953365939,0.36806269874080666,0.44942538997308923
43,test,,3.8504745960235596,34.71875,34.71875,1.0595703125,0.71044921875,1.02734375,5,2,1.28125,3.5625,1.281469407072406,1.2818095557749278,1.2817243596243206,1.3533450734365535,1.2786653628191804,1.3289123342783764,1.317010481345874,2.0780808304676865,0.64013671875,0.880859375,0.81494140625,0.81884765625,0.8466796875,0.1626419746164906,0.17368964972861708,5.50434055893928,0.8026852695088693,0.1458276901499626,0.00025895582224944036,0.0002316700076042278,0.0003573153517422156,0.0002485840291109415,0.47473032528426096,0.33623773323216105,0.4761372045310086,0.33471304464622376,5.267019263461418,0.7948263453163531,0.15090629169144207,0.00030717008631508946,0.00028131498212885915,0.0030859380699572725,0.0024209049503316413,0.5195358234393064,0.3878965658875218,0.2870095586525405,0.2143826507320811,2,2,0.822265625,4.08203125,0.8222842108252646,0.822629795187826,0.8225027092949991,0.8957409302397016,0.8221004037117994,0.8734187174981504,0.8549419733642324,1.6427286489205923,0.79833984375,0.93505859375,0.818359375,0.822265625,0.24562113181283382,0.24562113181283382,0.8220918449897633,0.14935337597428483,0.00020483051560660215,0.0003194723306547845,0.0002059253509072434,0.00021433221200353725,0.49237382232856586,0.5264550814741128,0.4937098104715334,0.5219485680133636,5.267019263461418,0.8130666437328443,0.15436940764072832,0.00020157467976034127,0.0003302069068415115,0.0029504246861797867,0.003719432434982254,0.5380035375785814,0.6271106043965037,0.30039434217515204,0.3503901272184609
44,test,,3.908928155899048,32.625,33.5625,1.05078125,0.67578125,1.02734375,5,2,1.28125,3.5625,1.282002511592494,1.2823426765071406,1.2822576288969723,1.353879173744509,1.2632113749738,1.3134941288211608,1.3013590978759095,2.063338067985171,0.64013671875,0.880859375,0.81494140625,0.81884765625,0.84716796875,0.15454034024146632,0.16875202241887852,5.50434055893928,0.8026668764531597,0.14582434859514554,0.00030161450646648547,0.00026961646055546483,0.00031736813276062037,0.00022065445533972993,0.4746379509506946,0.3359578978841695,0.47590946247154076,0.33434116515109097,5.232937352844213,0.776498505979011,0.14838673838832936,0.0029185760675431993,0.0026337646197675856,0.003022668682923779,0.0023908137422591798,0.5015117477764672,0.37892020450327896,0.3168386422919873,0.23840881150269252,2,2,0.822265625,4.08203125,0.8224680171865401,0.8228135770103362,0.82268650506658,0.8959213015610358,0.8221004037117994,0.8734187174981504,0.8549419733642324,1.6427286489205923,0.79833984375,0.93505859375,0.818359375,0.822265625,0.24562113181283382,0.24562113181283382,0.8221713747585839,0.14936782452956024,0.00020483051560660215,0.0003194723306547845,0.0002059253509072434,0.00021433221200353725,0.49237382232856586,0.5264550814741128,0.4937098104715334,0.5219485680133636,5.232937352844213,0.797501578691126,0.1524003680758125,0.00275002562948945,0.004368075227682548,0.002741760090915868,0.003489488739609176,0.5205243684998155,0.6160314652188724,0.33131070964673714,0.3895906188279592
45,test,,3.8247711658477783,31.484375,31.25,1.0419921875,0.724609375,1.02734375,5,2,1.28125,3.5625,1.2808133284790393,1.2811535071995992,1.2810682876252866,1.3526940350117864,1.2764598201770103,1.3267118088095176,1.3143306069587364,2.07597501168043,0.64013671875,0.880859375,0.81494140625,0.81884765625,0.84619140625,0.16777860498381833,0.1760076193132984,5.50434055893928,0.800567678632955,0.14544297723962582,0.00033140766562755886,0.0002958503809879843,0.00036853708694550846,0.00025596219795326667,0.47479402577096597,0.3357103108963657,0.4761892533195846,0.33418395808871193,5.2960723312415325,0.7920727909897753,0.14955852968950928,0.00026162253466743834,0.00024183685927227125,0.003313094133539529,0.0025722058012447127,0.30093312511807024,0.23046430687992397,0.4844803962884292,0.36094552903235166,2,2,0.822265625,4.08203125,0.8222842108252646,0.822629795187826,0.8225027092949991,0.8957409302397016,0.8221004037117994,0.8734187174981504,0.8549419733642324,1.6427286489205923,0.79833984375,0.93505859375,0.818359375,0.822265625,0.24562113181283382,0.24562113181283382,0.8221304255550878,0.14936038509098307,0.00020483051560660215,0.0003194723306547845,0.0002059253509072434,0.00021433221200353725,0.49237382232856586,0.5264550814741128,0.4937098104715334,0.5219485680133636,5.2960723312415325,0.8104249057992818,0.1530237608384963,0.00020189553598370935,0.0003364315880820225,0.003184990248811026,0.003949979767919136,0.3136870931761466,0.380658870691392,0.5023671341211067,0.5837757621424491
46,test,,3.8145554065704346,32.875,32.875,1.033203125,0.72900390625,1.02734375,5,2,1.2822265625,3.5625,1.2797881869922363,1.2801283327533999,1.2800426819551238,1.3516667451806066,1.282459644320422,1.3326977532673454,1.3204212839659706,2.081698957433724,0.64013671875,0.880859375,0.8154296875,0.81982421875,0.84716796875,0.1649926479884826,0.17489277956214586,5.50434055893928,0.8028349006386672,0.14585487435635314,0.0002932450024335509,0.00026143444798829203,0.000421737713614867,0.0002926090737882853,0.4753213478303344,0.3357293984198726,0.47644441578959196,0.33401369915893947,5.28494326352421,0.7926264426912375,0.14997823120672119,0.0028421526660222796,0.002604299771723324,0.001632486492439078,0.0013063365273362217,0.3758758368663804,0.28659945114429114,0.44800298187186094,0.33022036155985707,2,2,0.8232421875,4.08203125,0.8227805942322225,0.8231261479532412,0.8229990888310024,0.8962320994401255,0.8221004037117994,0.8734187174981504,0.8549419733642324,1.6427286489205923,0.79833984375,0.93505859375,0.818359375,0.8232421875,0.24562113181283382,0.24562113181283382,0.8222334967263581,0.1493791105259678,0.00025747640556250673,0.0004010707043818538,0.00028682047415173884,0.00029827528960235726,0.4923738160974658,0.5259939028230588,0.4937098042404333,0.5214964732246882,5.28494326352421,0.8139910507537929,0.15402077376531595,0.002733022232889404,0.004446947584562122,0.0015059334588922724,0.0019483674367785015,0.3896655425782667,0.4668020948831722,0.46159080454490553,0.5245755967628284
47,test,,3.9065070152282715,32.625,32.625,1.025390625,0.6943359375,1.02734375,5,2,1.287109375,3.5625,1.288452898559386,1.2887924438743796,1.2887075855007217,1.3602344815516418,1.2875171982606837,1.3377436425932276,1.3259129241001835,2.086524660524323,0.638671875,0.88037109375,0.81982421875,0.8232421875,0.8046875,0.17356942233080844,0.17967572287636172,5.50434055893928,0.801959055029779,0.1456957552757821,0.0006439912719882201,0.0005709713959990706,0.0008997500837466532,0.0006215842841295027,0.47427213127606827,0.333525365238213,0.4756479367854993,0.3320098789062066,5.313923974559663,0.7891971746143565,0.14851495399494363,0.0018412779264993517,0.0016558474270122526,0.0018371971473367665,0.0013577900955454934,0.44562909584364974,0.3401886095260017,0.2929520383958142,0.21408999485743732,2,2,0.8310546875,4.08203125,0.8302755475785245,0.830620695838455,0.8304940341558074,0.9036571466764008,0.8221004037117994,0.8734187174981504,0.8549419733642324,1.6427286489205923,0.79638671875,0.9345703125,0.83935546875,0.828125,0.24562113181283382,0.24562113181283382,0.8229334445732344,0.14950627341485184,0.0003986092043763989,0.0006158301794816379,0.0005684750385581694,0.0005879386306336972,0.49237377860691023,0.5230332396327104,0.49370976674987865,0.5185939143053396,5.313923974559663,0.8104148667463649,0.1525078022617965,0.0017576233853837664,0.0027820188076942347,0.0017724990093528348,0.002030648227206457,0.46308559839511254,0.5581081114023568,0.3060743830755239,0.3446186255951217
48,test,,3.8804736137390137,30.328125,30.328125,1.0166015625,0.68994140625,1.02734375,5,2,1.287109375,3.5625,1.2869091675925914,1.2872487768158225,1.2871636596035705,1.3587019588142026,1.2747221798203832,1.3249782150707796,1.3126317201876756,2.0743178034512706,0.638671875,0.88037109375,0.81787109375,0.8232421875,0.80517578125,0.16095968171254924,0.17341408590208607,5.50434055893928,0.8010292565763326,0.14552683432267421,0.0005591295766809168,0.0004971685491823506,0.0007234418688417676,0.0005009112108299388,0.47552084358425617,0.33517173436905745,0.47681750279821067,0.33358517187029824,5.31811905963966,0.789582795311407,0.14847031186340284,0.0013352185377746295,0.0011986844212605037,0.0025787524408142914,0.0019032115907410654,0.5080081949959983,0.37953232224465694,0.3185379718919581,0.2324575525089279,2,2,0.8310546875,4.08203125,0.832555478899395,0.8329005251650271,0.8327739787899647,0.9059184811289757,0.879165938274779,0.9303390573544491,0.9123749188359781,1.6969898694999388,0.79638671875,0.9345703125,0.82177734375,0.8271484375,0.24562113181283382,0.24562113181283382,0.8230148548620608,0.14952106361323342,0.00046848982790592686,0.0007210652550585975,0.0006597449238263664,0.0006806104419104957,0.4923737623416429,0.5216767851430898,0.4937097504846104,0.5172639582032339,5.31811905963966,0.8095859342403607,0.15223163023642722,0.0012828525113546263,0.0020038181700588647,0.0023794604808990982,0.002700101317951173,0.5255154329473903,0.6076645074809202,0.3305013095292306,0.3686134540804821
49,test,,3.796287775039673,34.5,34.71875,1.0087890625,0.7177734375,1.02734375,5,2,1.2861328125,3.5625,1.2845457392308908,1.2848853709208645,1.284800127958516,1.3563488105055148,1.2936813105344247,1.3438935144479358,1.3321969794485486,2.0924057241995646,0.638671875,0.88037109375,0.81884765625,0.822265625,0.8017578125,0.16901311618897186,0.17862467478695626,5.50434055893928,0.8040245675101678,0.1460710068537453,0.0005512674199978917,0.0004909944307654267,0.0007463710057029616,0.0005174576456677188,0.4761680629654075,0.3360710913396084,0.4773299106320499,0.3343813106684729,5.354480759138494,0.8037185970227765,0.15010206090498499,0.0006497124362985218,0.0005749434508632911,0.0007178286345626006,0.0005432283561459393,0.4681962196475613,0.3476142108030248,0.38518587215989264,0.2827781453345092,2,2,0.8291015625,4.08203125,0.8286150825695051,0.8289602544776691,0.8288335209919361,0.9020036100676899,0.8221004037117994,0.8734187174981504,0.8549419733642324,1.6427286489205923,0.796875,0.9345703125,0.8232421875,0.826171875,0.24562113181283382,0.24562113181283382,0.822914079965577,0.1495027553535237,0.00039196849970668524,0.0006050824403091404,0.0004768070681446801,0.0004928659018511544,0.49237378201315884,0.5227432456837218,0.4937097701561246,0.5183095919359716,5.354480759138494,0.8228936057622176,0.15368317541486817,0.0005310481977289783,0.0008084798944286664,0.0005008957807861592,0.0005905297907099141,0.48360246179751964,0.553519412023907,0.3972365061665286,0.4468600327047296
50,test,,3.8841521739959717,31.71875,32.1875,1.0,0.7060546875,1.02734375,5,2,1.2841796875,3.5625,1.2860193060972709,1.2863590549382582,1.2862739593530383,1.3578341789736084,1.2261432550946385,1.2765117840018054,1.2634396896479774,2.0279748484822293,0.63916015625,0.88037109375,0.81787109375,0.8212890625,0.919921875,0.15436432797622768,0.16754682697191198,5.50434055893928,0.802470619757472,0.14578869369814448,0.0005018469290325456,0.0004464206689824231,0.0005511623483620554,0.0003817492970354044,0.4745304166583386,0.3345846557318533,0.4758595487564081,0.3330246656401253,5.292469287720376,0.7851607031304806,0.14835432393575074,0.003650626156708192,0.00317613375609091,0.005718467868057964,0.00428316684099374,0.5269552410408247,0.3956031099725576,0.2865207260974483,0.21146197312267423,2,2,0.8271484375,4.08203125,0.8265782753731032,0.8269235486291694,0.8267967104283988,0.899985191739768,0.8221004037117994,0.8734187174981504,0.8549419733642324,1.6427286489205923,0.79736328125,0.9345703125,0.82177734375,0.8251953125,0.24562113181283382,0.24562113181283382,0.8227752861912754,0.1494775400215842,0.000393820835133063,0.0006113275804337952,0.00041305677436032084,0.00042855779834476344,0.4923737999355602,0.5247419659666226,0.49370978807852417,0.5202691509464175,5.292469287720376,0.8031053664333337,0.151744927135752,0.003468130623235588,0.005158367558294794,0.005739939803551586,0.0066895890499339165,0.5445753773478126,0.6369540561992543,0.29919809286517474,0.34081519730673737
