epoch,phase,messages,loss,accuracy,accuracy_nn,temperature,length,length_nn,lexicon_size,actual_vocab_size,entropy_msg,entropy_max,entropy_msg_mc_ml,entropy_msg_mc_perks,entropy_msg_mc_james-stein,entropy_msg_mc_minimax,entropy_msg_1_ml,entropy_msg_1_perks,entropy_msg_1_james-stein,entropy_msg_1_minimax,redundancy_act,redundancy_max,kld_train_test,kld_test_train,mutual_info_sent_received,topsim,topsim_norm_max,entropy_target,mutual_info_msg_target,proficiency_msg_target,mutual_info_msg_target_shape,proficiency_msg_target_shape,mutual_info_msg_target_color,proficiency_msg_target_color,mutual_info_msg_target_x,proficiency_msg_target_x,mutual_info_msg_target_y,proficiency_msg_target_y,entropy_selected,mutual_info_msg_selected,proficiency_msg_selected,mutual_info_msg_selected_shape,proficiency_msg_selected_shape,mutual_info_msg_selected_color,proficiency_msg_selected_color,mutual_info_msg_selected_x,proficiency_msg_selected_x,mutual_info_msg_selected_y,proficiency_msg_selected_y,lexicon_size_nn,actual_vocab_size_nn,entropy_msg_nn,entropy_max_nn,entropy_msg_mc_ml_nn,entropy_msg_mc_perks_nn,entropy_msg_mc_james-stein_nn,entropy_msg_mc_minimax_nn,entropy_msg_1_ml_nn,entropy_msg_1_perks_nn,entropy_msg_1_james-stein_nn,entropy_msg_1_minimax_nn,redundancy_act_nn,redundancy_max_nn,kld_train_test_nn,kld_test_train_nn,topsim_nn,topsim_norm_max_nn,mutual_info_msg_target_nn,proficiency_msg_target_nn,mutual_info_msg_target_shape_nn,proficiency_msg_target_shape_nn,mutual_info_msg_target_color_nn,proficiency_msg_target_color_nn,mutual_info_msg_target_x_nn,proficiency_msg_target_x_nn,mutual_info_msg_target_y_nn,proficiency_msg_target_y_nn,entropy_selected_nn,mutual_info_msg_selected_nn,proficiency_msg_selected_nn,mutual_info_msg_selected_shape_nn,proficiency_msg_selected_shape_nn,mutual_info_msg_selected_color_nn,proficiency_msg_selected_color_nn,mutual_info_msg_selected_x_nn,proficiency_msg_selected_x_nn,mutual_info_msg_selected_y_nn,proficiency_msg_selected_y_nn
1,train,received,3.7907323837280273,32.0625,32.15625,1.5,2.42578125,2.68359375,1441,10,5.16015625,9.6171875,5.030518826509918,5.030580888823705,5.030714828841757,5.059684171880313,4.378763813264962,4.381566337637382,4.387419979812532,4.578876207706117,0.4638671875,0.6689453125,,,4.72265625,0.5259913215271044,0.526232967524125,7.162105003080282,1.6615793153364384,0.23199594457520875,0.37327674587379356,0.06739477931371755,0.43590385569423695,0.07332473385123799,0.8709425281098664,0.1997465945889776,0.17922882697110598,0.041100570895854525,6.9451556494577815,1.3829445282308024,0.1991236191141045,0.3655361303031661,0.06337092463351932,0.4260131767931501,0.06992862909397211,0.5715490310213696,0.12572726569507556,0.18219851931361042,0.03965077978497931,1471,10,4.8984375,9.9453125,4.753254636103448,4.753312436192947,4.753392359348036,4.781435833955505,3.9730070775569373,3.9758519689058245,3.9795436265584594,4.177207533020481,0.50732421875,0.69091796875,,,0.5832453743017406,0.5832453743017406,1.777874602348792,0.2482335293302964,0.39183535775347167,0.07604471486659764,0.4599196320621406,0.08273605830731756,0.8828583569094306,0.22214328741068542,0.18609036290961622,0.04681783272314414,,,,,,,,,,,
2,train,received,2.8847768306732178,39.625,39.625,1.4873046875,2.283203125,2.533203125,7,3,1.70703125,8.8984375,1.7080274774870219,1.7081202888452198,1.7081885923292233,1.7491086283339328,1.704495128843314,1.7076327015830883,1.7099004738809105,1.9348500641372663,0.80810546875,0.890625,,,0.87109375,0.5265345656826026,0.5269496476866575,7.162105003080282,1.0063401601773623,0.14050899278138967,0.004616988961428703,0.0016066211632413268,0.0050761327539596834,0.0015476453699522893,0.9941559086492031,0.5864176241775875,0.0025694509507765417,0.0015151810626246964,6.935973416805609,1.0033305603952898,0.14465605620175195,0.005295406755209342,0.001894201962256229,0.005548271608826205,0.0017804906129564205,0.8925049038418225,0.5574183032074839,0.002850614685067754,0.0017539082145543252,2,2,1.046875,9.0390625,1.0473020252285206,1.0473966697136157,1.0473979489822933,1.0894824491585808,1.065853617238537,1.0690607280216073,1.0691288602199964,1.3028079264190042,0.88427734375,0.93408203125,,,0.5830704093925584,0.5830704093925584,1.0043259641741196,0.14022776317048946,0.003249403361892611,0.0014673857726148654,0.0035539261105510533,0.001356151066718714,0.9942702374275134,0.9597256850356126,0.0018249589932910482,0.0017607019091550884,,,,,,,,,,,
3,train,received,2.842073678970337,41.0,41.03125,1.4755859375,2.283203125,2.533203125,6,2,1.69140625,8.8984375,1.6886119738662912,1.688704846857786,1.6887722984305413,1.7297284241721678,1.6956859057124403,1.6988247242372567,1.7011044986087729,1.9261489984489408,0.81005859375,0.8916015625,,,0.853515625,0.5258677237249664,0.5260339159175959,7.162105003080282,1.0047825304313245,0.14029151066609427,0.003573384278628744,0.0012489060613458337,0.004050113240152697,0.0012395552147746226,0.9941895603582207,0.5907986887421701,0.001953905322130467,0.0011607657147543287,6.948025268215476,1.0022499404129193,0.14424961074880147,0.003777797439469488,0.0013418614779536152,0.004319065808172873,0.0013925420824311787,0.8748134144013768,0.5581563291374985,0.002060768922569345,0.0013126676636525177,3,3,1.0283203125,9.03125,1.0283840913965419,1.028478789134441,1.0284795084371663,1.0705967942201375,1.0223493822727092,1.0255614950657452,1.0255825479386913,1.2597697887764774,0.88623046875,0.93505859375,,,0.5830285876634503,0.5830285876634503,1.0033926348886981,0.1400974482302561,0.002340465410496151,0.0010645553567169177,0.0026388318379844122,0.0010130965707742209,0.9943055698346148,0.9746988830485175,0.0013364656103913575,0.001309468824445552,,,,,,,,,,,
4,train,received,2.8431594371795654,42.0,41.9375,1.462890625,2.275390625,2.53125,6,2,1.689453125,8.890625,1.6895559905276627,1.6896488671273702,1.68971626512237,1.7306727975769545,1.6914636009337647,1.69460287782548,1.6968481729345812,1.9219702478841558,0.81005859375,0.8916015625,,,0.87060546875,0.523685632304395,0.5246758159144754,7.162105003080282,1.0008385585984285,0.1397408385059961,0.004457637078486343,0.00155815424145516,0.005007878598881632,0.0015328556803465212,0.9899425075163686,0.5884031466785167,0.002253710321334701,0.0013391641387309702,6.9378233609965445,1.0029646051236731,0.14456473636417402,0.0036785683738917996,0.0013146292151489907,0.004594477694005228,0.0014787881748240862,0.8822297230738316,0.5617987958907189,0.0018524789783871398,0.001194635328424618,3,2,1.0283203125,9.03125,1.0276090543926357,1.0277037562815343,1.0277044655033558,1.0698238150596961,1.0235330744443654,1.0267450578576365,1.0267674916408573,1.260941187229482,0.88623046875,0.93505859375,,,0.5813659840503901,0.5813659840503901,0.9999594109454932,0.13961808860878613,0.003860349150246023,0.001753679293262864,0.0041831881909253354,0.0016043112945600291,0.9903664194334674,0.9682294701597352,0.0019031216039149257,0.0018596716993813907,,,,,,,,,,,
5,train,received,2.813870429992676,42.875,43.09375,1.451171875,2.275390625,2.533203125,6,2,1.6875,8.890625,1.6870924796152282,1.6871853651253705,1.6872529071960405,1.728214229354958,1.6869786625654148,1.690118346439103,1.692342065361025,1.9175270462507115,0.81005859375,0.8916015625,,,0.8486328125,0.5255992141339286,0.5260483183068962,7.162105003080282,1.004427863192029,0.14024199069408283,0.003126783401473432,0.0010952470001732806,0.0034338396505884106,0.0010529868864075863,0.994222465953218,0.5930545233091383,0.0017059934915435448,0.0010173225304209565,6.93711607526239,1.0024037541111563,0.1444986278499371,0.0031646135093419403,0.0011414889473195966,0.0036604154735515593,0.0011890107996565496,0.8535178931820262,0.5528543820668603,0.0015797634133258853,0.001008257678068918,2,2,1.0244140625,9.03125,1.0264063476302852,1.026501052562476,1.0265017224021342,1.0686229535202525,1.0255801610006992,1.028791947846823,1.0288171708902805,1.2629685741995704,0.88671875,0.935546875,,,0.5829846625057707,0.5829846625057707,1.0031170199222021,0.14005896583347788,0.0020963497625094973,0.0009556511949555889,0.002342488652577579,0.000901021010284389,0.9943390404447605,0.9794393426014975,0.001186256914595063,0.0011679051139053527,,,,,,,,,,,
6,train,received,2.809720039367676,42.6875,42.65625,1.439453125,2.283203125,2.533203125,7,3,1.6845703125,8.890625,1.6828851830115685,1.682978081035488,1.6830452969694598,1.724014289148264,1.6780775831438577,1.6812184613299272,1.6834760234898996,1.9087312770418092,0.810546875,0.89208984375,,,0.8642578125,0.5253589653505719,0.5257466287207717,7.162105003080282,1.0041015278057448,0.14019642652179776,0.0028685854565573266,0.001005163282526234,0.003246788218259411,0.0009959377842696606,0.9942359000206658,0.5934220919061374,0.0015064772466697463,0.0008988909544080608,6.938686939988097,1.003134308109255,0.14457120155228906,0.0029003299999450505,0.0010486493299664704,0.003388585413778955,0.0011008441854162148,0.8767732942066564,0.5624572352923162,0.0017642471581966745,0.0011359714287788951,3,3,1.021484375,9.03125,1.0220829641767097,1.0221776814345105,1.0221782253293852,1.0643070408277526,1.0236149849806242,1.026826933575785,1.026849366830881,1.261020810941685,0.88671875,0.935546875,,,0.5829921284929007,0.5829921284929007,1.0027149671428452,0.1400028297143922,0.001918789488935424,0.0008757510115590488,0.002122636645070841,0.0008172780165276885,0.9943737881260883,0.9820012099811998,0.0010579993145265476,0.0010443184199890188,,,,,,,,,,,
7,train,received,2.8035433292388916,43.0625,43.15625,1.427734375,2.271484375,2.533203125,6,2,1.6826171875,8.890625,1.682948258614886,1.6830411646736718,1.6831086698284043,1.7240797191089468,1.6679456290956733,1.6710876942901634,1.6733330993862092,1.8987090479040265,0.81103515625,0.89208984375,,,0.84423828125,0.5247491201343559,0.5253857238063558,7.162105003080282,1.00391823736857,0.14017083482255627,0.002484237003329781,0.0008715137172398342,0.0027076768126246265,0.0008314259559778615,0.9942888309694418,0.5946479874642832,0.0013170384346539166,0.0007874368670343349,6.98052871895767,1.0031213465069617,0.14370277480310223,0.002868622209979854,0.001034580487817537,0.0033256642818937365,0.0010704981896353459,0.8962645645545528,0.568480398310836,0.0016515491097504054,0.00104636074747072,2,2,1.01953125,9.03125,1.0190591473219486,1.0191538754820348,1.019154337955566,1.0612891459572273,1.0124513784293305,1.0156647109698136,1.0156765013707316,1.249982577125156,0.88720703125,0.935546875,,,0.5837142662585009,0.5837142662585009,1.002516761599903,0.13997515551206527,0.0017817954403129832,0.0008135230152467196,0.002039392256544481,0.0007854685286541681,0.9943737885643493,0.982778054130418,0.0009747513604212443,0.0009629076984236146,,,,,,,,,,,
8,train,received,2.787301540374756,44.53125,44.5625,1.416015625,2.27734375,2.533203125,5,2,1.6806640625,8.890625,1.68207775429481,1.6821706623711639,1.682238318814914,1.7232106663982625,1.7020882804036728,1.7052264656558964,1.7075418213986877,1.9324891553856025,0.81103515625,0.89208984375,,,0.84326171875,0.5252945702940378,0.5258209956552827,7.162105003080282,1.0038100218294224,0.140155725362544,0.002461107408737284,0.0008625889410635152,0.002800647093374131,0.0008592669517369719,0.9943629338593745,0.5937412232449574,0.0013486213499849242,0.0008050306530822093,6.985637891228026,1.0036153803653742,0.14366839449631788,0.0022942220960979753,0.0008337053437997167,0.0024937351752258863,0.0007990466681588701,0.898358171793129,0.5699934547321096,0.0011505322377329819,0.0007277466544609155,2,2,1.017578125,9.03125,1.017920835053877,1.018015567197838,1.0180159989330606,1.0601530196101325,1.0191083996811106,1.0223209487080684,1.0223394376133899,1.2565671921457078,0.88720703125,0.935546875,,,0.5838162449549811,0.5838162449549811,1.0023593509561748,0.13995317724678422,0.0017004978562669137,0.0007771533028175657,0.0018734422739878909,0.0007221400515479312,0.9943737892266977,0.9848319074236347,0.0009969598018653159,0.00098690345172273,,,,,,,,,,,
9,train,received,2.780498504638672,45.1875,45.28125,1.404296875,2.2734375,2.53515625,6,2,1.6884765625,8.8984375,1.6895206116134929,1.689613507106722,1.6896815127642737,1.73064338008508,1.6811104615855375,1.684250980794444,1.6865005628154037,1.9117310669947,0.810546875,0.8916015625,,,0.85400390625,0.5256754308937813,0.526040540830867,7.162105003080282,1.0044018290588954,0.1402383557106356,0.002795407591874799,0.0009786038320020506,0.0033956990904586704,0.0010407611914930873,0.9941367065911333,0.5924166460379554,0.0020436089429960447,0.0012174448839224754,7.016511593349511,1.0032462807153466,0.1429836276001108,0.003204919641788706,0.0011591174627376775,0.003735117570693447,0.0011863166838068416,0.9108615627352066,0.5708665193173379,0.0015829221479730649,0.0009874910686570953,4,3,1.0263671875,9.0390625,1.0257784428839594,1.0258731541197488,1.0258738293561416,1.0679977247924008,1.0261675559898522,1.029379224100515,1.0294041500962394,1.2635467303137533,0.88671875,0.93505859375,,,0.5840568761623977,0.5840568761623977,1.0042291563118746,0.14021424649317138,0.0020034776666397747,0.0009133036870119878,0.0023797590636904786,0.0009153479817516587,0.9943737888277049,0.9794494079262015,0.0015867599932795073,0.001562173754026605,,,,,,,,,,,
10,train,received,2.776909112930298,45.125,44.96875,1.392578125,2.27734375,2.533203125,6,2,1.6796875,8.890625,1.6795591124968081,1.6796520309319598,1.6797194279715004,1.720697160081749,1.67721720158025,1.680358002742145,1.6825802051690697,1.9078697071577684,0.81103515625,0.89208984375,,,0.85888671875,0.5263511967925815,0.5265606857160338,7.162105003080282,1.003308380499872,0.14008568431604515,0.00227415638375561,0.0007981180714294825,0.0026503637795576296,0.0008140989571550714,0.9942385151685951,0.5950046420849946,0.001237216837817634,0.0007401937453946551,7.026180084544322,1.0017992556830662,0.14258092500173047,0.0025786917749046623,0.0009326784646462049,0.0029971992881536735,0.0009520860024789963,0.9225883644213857,0.5760083903782444,0.0015087047627631023,0.0009383660568681084,2,2,1.015625,9.03125,1.0141074594411839,1.0142022074402373,1.0142025315658856,1.056347653130288,1.0124475016509584,1.015660834612066,1.0156725920709615,1.2499787403147755,0.8876953125,0.93603515625,,,0.583460379074623,0.583460379074623,1.0024637773401328,0.1399677576507176,0.0014121550144876593,0.0006463270655683287,0.0015670404481147315,0.000604784316158137,0.9943737901540404,0.9879816400523174,0.0008090805261522505,0.0008034795776197057,,,,,,,,,,,
11,train,received,2.756519079208374,46.375,46.40625,1.380859375,2.314453125,2.568359375,14,9,1.921875,9.1484375,1.9210726352166656,1.9211648631907838,1.9212518032672348,1.9618019895058443,1.9277101918753394,1.9308235260813809,1.9337573980592317,2.1557609456598703,0.7900390625,0.87646484375,,,1.068359375,0.5294651983036378,0.5302590214920285,7.162105003080282,1.0393716889380715,0.14512097888694148,0.006180894318394081,0.0020238389019332456,0.009320922391346187,0.002693732590866027,0.9936493110065392,0.5297704853391445,0.031441227705292896,0.01675861559879455,7.037830058355118,1.0248388894392595,0.14561858995481128,0.009005236356460777,0.0030173215296306183,0.010727529757161847,0.003169387883948112,0.9236003450789694,0.5055824628634557,0.019980938971035478,0.010858782096185108,13,10,1.28125,9.3125,1.2825455528349723,1.282639531589611,1.2826520711015363,1.3243308997417287,1.2704668552265284,1.2736517305039172,1.2740581909088975,1.5053083332296577,0.8623046875,0.9189453125,,,0.5657138240171544,0.5521383814969079,1.0436796670101278,0.14572247496528765,0.005849598465500705,0.002427400508052128,0.009155308848864507,0.0032511738421237666,0.9943737819350247,0.8075163545268609,0.03443074006856062,0.027949328321565086,,,,,,,,,,,
12,train,received,2.125899314880371,54.8125,54.875,1.369140625,3.2109375,3.564453125,43,10,2.892578125,12.2109375,2.8890478201317134,2.889137177024427,2.8893988983090035,2.9281036493195627,2.8787480463533313,2.88175566861627,2.8905041146967374,3.0968398182187857,0.76318359375,0.814453125,,,1.794921875,0.5466084238318076,0.48882275417750787,7.162105003080282,1.5082942573969942,0.2105937090769133,0.0206397658984514,0.005809633010746271,0.022489219982379183,0.005680730232126892,0.9939057528479172,0.418617517891146,0.4839969124577381,0.20380890726334153,7.085036871430823,1.4991501828094305,0.21159384347800536,0.02414341832867617,0.006887491039575222,0.027630938425190266,0.007072170461443458,0.9490277336448454,0.4044989714031066,0.4657399389318515,0.19807149526233908,42,10,2.169921875,12.75,2.171324445997301,2.1714157773939577,2.171503480171556,2.2115702751337247,2.153276629288933,2.1563631008603488,2.1592832963638235,2.378856624259298,0.830078125,0.86328125,,,0.6017758043960081,0.506666517637082,1.5207377848629493,0.2123311211171729,0.021558071728177808,0.007640309899612877,0.0234907310862269,0.007277620875442724,0.9943737325500281,0.6051445634402571,0.4912715008483435,0.2988812572932533,,,,,,,,,,,
13,train,received,2.036679267883301,55.46875,55.59375,1.3583984375,3.37890625,3.7578125,19,6,2.564453125,12.515625,2.566924868053862,2.567015272299591,2.5672540593902804,2.6065684284850494,2.5509410852457517,2.553986325719708,2.561883490757968,2.772537879253544,0.79541015625,0.83544921875,,,1.3291015625,0.5501039365689868,0.49131056520859945,7.162105003080282,1.5039173546972164,0.2099825894831772,0.006803455349798426,0.0021056903293863874,0.007900393688133889,0.0021721285958754355,0.9943261821600782,0.48443142652388604,0.49205881467320634,0.2396704367176246,7.084797045418102,1.5008639126723646,0.21184289444720328,0.007286637896451786,0.002285481962527102,0.008410859748646082,0.0023469914972287743,0.9479322365832221,0.4696879398730271,0.48146505810503015,0.23747326757055184,8,6,1.5859375,12.71875,1.5839739048135846,1.5840670576508453,1.584127007974995,1.625260216952782,1.573129260647486,1.576281086183412,1.5782842969508493,1.8048385058225846,0.87548828125,0.89990234375,,,0.6019228199575997,0.5062161419061559,1.4994201290785443,0.20935466995159563,0.004108985706323232,0.001819832677235499,0.005121719260215762,0.0019225146219008287,0.9943737772491295,0.9211688028788876,0.4915913318771832,0.4551895414225544,,,,,,,,,,,
14,train,received,2.0245909690856934,56.8125,56.78125,1.3466796875,3.369140625,3.7578125,34,7,2.66796875,12.515625,2.6708625596067117,2.6709525759360635,2.671200169617194,2.7103016344694324,2.6257410004135586,2.6287770019103665,2.6368621800632566,2.846498729630538,0.78662109375,0.82861328125,,,1.44140625,0.5425906608647555,0.4870531441720943,7.162105003080282,1.5155556701836699,0.21160757480263956,0.012205796147867432,0.003670482197978936,0.014564492738269763,0.0039030426798861532,0.9943040208346314,0.4631195072899822,0.49858326203795134,0.2321722179935475,7.090554853851917,1.5088645846458175,0.2127992259768123,0.014424761127840746,0.004393718681173588,0.015834418982136,0.004299103846641888,0.9519960010803672,0.45044963553051637,0.4790257867308636,0.22586580109882015,19,7,1.7021484375,12.71875,1.7028086499208552,1.7029013961038635,1.7029681907487206,1.74387316916513,1.6972364963886333,1.7003741171862548,1.7026140364176106,1.9276205226455394,0.8662109375,0.892578125,,,0.588187901349624,0.5011474252296517,1.5110204153867322,0.21097434549435837,0.0080547049569768,0.003413829232269842,0.00974534023115936,0.0035237515767485403,0.9943737646395814,0.8419677619301759,0.4974734738145026,0.4210479480974746,,,,,,,,,,,
15,train,received,1.6972252130508423,61.5625,61.59375,1.3359375,3.384765625,3.751953125,784,10,4.83984375,12.5078125,4.77751489207283,4.777589565713967,4.77794364919612,4.810578869699385,4.432390581573638,4.435201525274389,4.448099342495454,4.632787002812683,0.61328125,0.689453125,,,4.12109375,0.5424342754164773,0.5102978274782154,7.162105003080282,2.0445418128261874,0.2854666068071984,0.19700254634809333,0.04016810345218962,0.22520585537695936,0.04240659183032953,0.99436031012943,0.2668685852657791,0.7090220392156601,0.19026329821704044,7.107101063908555,2.0226695495767357,0.28459839411153204,0.20271627413740667,0.04144201962629874,0.2312301816766098,0.0436706243389629,0.9620820196136002,0.25864043071698706,0.6696662031376253,0.1798845257566804,740,10,4.08984375,12.75,4.028362128611327,4.028439070839294,4.028611905752772,4.062730327175956,3.70210547749357,3.7049972560663975,3.711356745675372,3.9101277012626787,0.67919921875,0.74169921875,,,0.6365603809703011,0.5322101732215251,2.0438860938871146,0.2853750528661726,0.19245192700944713,0.04630967420381679,0.22122701038711945,0.04849404583941416,0.9943644368542088,0.3339776432183402,0.7108177888674581,0.23870253604672242,,,,,,,,,,,
16,train,received,1.28934645652771,66.625,66.5,1.3251953125,3.384765625,3.7578125,184,10,4.37890625,12.515625,4.357037523020532,4.357120580298237,4.357586547210711,4.392966310551017,4.286144671653522,4.288989064217604,4.3048586994940115,4.489085931363695,0.650390625,0.71923828125,,,3.26171875,0.5514156302080913,0.4975070512377136,7.162105003080282,2.1040240917898956,0.2937717459999533,0.06520968099221491,0.014728406111809061,0.07362425209900181,0.01523158054823592,0.9943735471021551,0.3060501082697983,0.9948051051809523,0.3061357322030286,7.1201036435980205,2.0980168350458683,0.29466099653370664,0.06596370778746152,0.01496300918458191,0.07430002370946909,0.015449277964420855,0.9666765797618435,0.2991808471386637,0.9679052715950238,0.29919034349022483,135,10,3.541015625,12.71875,3.5278900536308218,3.527975696006598,3.528235465585159,3.565289278193174,3.4384690160986078,3.4414074011863685,3.450118844311848,3.6502740642643245,0.7216796875,0.7763671875,,,0.6663105341782343,0.5268907538152096,2.0878035444838643,0.29150697226387223,0.05522555908155091,0.015286052709447323,0.06244171526874709,0.015536676206631836,0.9943735884632634,0.40847019968879905,0.9948745467596689,0.4085919022274024,,,,,,,,,,,
17,train,received,1.2854746580123901,67.0625,67.125,1.314453125,3.375,3.7578125,108,10,3.83203125,12.515625,3.829222404526738,3.829308511286657,3.8297606238770823,3.86651584427786,3.7916374175881042,3.794541852999918,3.8095622445200643,4.000063277965131,0.69384765625,0.75390625,,,2.65625,0.5507250733245306,0.5095750868898918,7.162105003080282,2.0460071451486797,0.28567120200956725,0.031005231200587957,0.007839609753580282,0.035622485658924674,0.008168184099321863,0.99433929921946,0.3581238735804929,0.9937232560034994,0.357837434481789,7.130929435013089,2.042512492484725,0.2864300525056277,0.029756404493351596,0.007563383369194338,0.03365122678989074,0.007758424092546806,0.9746673664999879,0.3535327773549521,0.9752967472248342,0.3534651477492725,68,10,2.935546875,12.71875,2.9321677212997104,2.9322565255945228,2.9324974185310864,2.9710198921879294,2.882082689657463,2.8850884650296678,2.893066837887987,3.100048016443198,0.76904296875,0.81494140625,,,0.6583741124876819,0.5333285041709862,2.03643176769274,0.2843342518459182,0.023912961164510804,0.007798993286990579,0.028291803656356862,0.008147760887567636,0.9943737070690286,0.5267541966234961,0.9938768289963607,0.5263513026400426,,,,,,,,,,,
18,train,received,1.262402892112732,67.8125,67.8125,1.302734375,3.388671875,3.7578125,73,10,3.66796875,12.515625,3.6683952399069684,3.6684821075484146,3.6689260312061083,3.7060535867557816,3.614351786941842,3.6172775830277764,3.6318576826525524,3.8247337825260392,0.70703125,0.7646484375,,,2.4765625,0.5537183550015805,0.5016666666625778,7.162105003080282,2.037705995384573,0.2845121643020027,0.024187629112223163,0.00635667976233417,0.02726566066384528,0.006474475882278981,0.9943737000173041,0.3785710126499401,0.9944124692224401,0.37851358197156504,7.131036802257077,2.031629199354747,0.284899553275578,0.0230456405610191,0.006086969995959574,0.025539375823127486,0.006100707198226841,0.9736036206107741,0.37366614559639966,0.9737800836502171,0.37329086522150706,45,10,2.751953125,12.71875,2.7490217926662313,2.749111345817429,2.749343371435625,2.7882546810403386,2.7161483134409323,2.7191730975876984,2.7268363293185174,2.9358861461807026,0.78369140625,0.826171875,,,0.6684230793812648,0.5325616042374612,2.0291508925063644,0.2833176687068489,0.01762290515949605,0.006098040081486802,0.020304313359500448,0.006160083061701011,0.9943737315110246,0.5809930856323917,0.9946954508836452,0.5810109979710091,,,,,,,,,,,
19,train,received,1.2422446012496948,69.125,69.125,1.2919921875,3.384765625,3.7578125,79,9,3.634765625,12.515625,3.633959679368604,3.634046718997288,3.634494667217878,3.6716994002615624,3.6005942479063417,3.603521468715082,3.618139276952588,3.8111157070883284,0.70947265625,0.7666015625,,,2.44140625,0.5668894252184623,0.5140315183192126,7.162105003080282,2.056290826632464,0.2871070482418358,0.0436902236349308,0.011666757763048085,0.02617395558849367,0.006305415304063324,0.9943384635099122,0.3874411226843411,0.9938144894360041,0.38716138496816616,7.135381088889718,2.0439102655808603,0.2864472464916233,0.03513161991256375,0.009381846208126056,0.0263727680168504,0.0063612589407929625,0.9759115295499505,0.3804824512654505,0.9763410953350657,0.38018078148156526,55,9,2.708984375,12.71875,2.7104319347388657,2.710521670418271,2.7107570123979374,2.749752131485146,2.6577774820013293,2.6608089759651414,2.6685138340494534,2.878140623855424,0.787109375,0.8291015625,,,0.6579649140418451,0.5388541508097902,2.053507495818807,0.2867184291399852,0.040854841949697907,0.014442901002813407,0.02073194791103905,0.006408846572121208,0.9943737386801024,0.6025441124361175,0.9940788436994401,0.60218262286011,,,,,,,,,,,
20,train,received,1.147789478302002,71.8125,72.0,1.2822265625,3.36328125,3.751953125,70,9,3.638671875,12.5078125,3.6376464364912433,3.637733608031514,3.63819604626195,3.6754233416414004,3.6196192281766253,3.622545547738686,3.637748862598395,3.8300141787420285,0.708984375,0.7666015625,,,2.455078125,0.5693025162417513,0.5323455389403158,7.162105003080282,2.1808803717037963,0.3045027084587341,0.16168416647183115,0.04452825570908334,0.022457612593274945,0.005562632514980966,0.9943043113110228,0.4054042800446752,0.9929915812389423,0.40478636588713834,7.138124161885733,2.1637976196001785,0.3031325276119254,0.15222995558671304,0.0420099807354685,0.02098626037854867,0.005216625963021642,0.9779111440675639,0.4004106005007956,0.9779368171866993,0.39996625871734437,49,9,2.728515625,12.75,2.7273209205306355,2.7274107238513925,2.7276593494743078,2.766648034088673,2.6860035187441325,2.6890327217267225,2.6972219956962373,2.9061224030958703,0.7861328125,0.82763671875,,,0.6559491331646128,0.5531020291530943,2.2002094306642457,0.3072015042669688,0.18054428798819533,0.0669321085038744,0.020088381926331778,0.006472595932217502,0.9943386112686152,0.6546000188038126,0.9948312983564609,0.6547084488648744,,,,,,,,,,,
21,train,received,1.1203421354293823,72.5625,72.75,1.271484375,3.38671875,3.7578125,64,10,3.630859375,12.515625,3.625195365649648,3.6252825702912723,3.625741337886674,3.6629927936778643,3.5809767282223803,3.5839075633856767,3.5989136558914443,3.791790535016171,0.7099609375,0.76708984375,,,2.4453125,0.5668641971097365,0.5174655865517466,7.162105003080282,2.2168874193270978,0.30953014768334974,0.208226393824134,0.05809803455250625,0.02140747293767653,0.005364967826339784,0.9943293128885031,0.413334281939076,0.9894923443091654,0.4112379571396708,7.141131899813971,2.2107876789364704,0.30958505037472595,0.1992386883860613,0.05570582471976564,0.019653084064746196,0.004941779871587322,0.981072442355714,0.40925426061598297,0.9765794632042342,0.40715074239516197,41,10,2.677734375,12.7265625,2.6753186218313223,2.675408570291567,2.6756501519109515,2.714733025440366,2.640703758726009,2.643737904604231,2.6517282896086254,2.8612923192377386,0.78955078125,0.8310546875,,,0.6548760970250637,0.542236036652556,2.2308241907608535,0.31147605205472684,0.2163661933414236,0.08268203377335195,0.0170418760355755,0.005637353995671341,0.9943662830026216,0.6912886422301452,0.9943060190848252,0.6910060905575237,,,,,,,,,,,
22,train,received,1.0973153114318848,73.25,73.4375,1.2607421875,3.380859375,3.751953125,72,9,3.703125,12.5078125,3.703530465266642,3.703617392924047,3.7040854478121017,3.7411787546595736,3.693483224670278,3.6964012084070004,3.7119500559563217,3.903097339371196,0.7041015625,0.76220703125,,,2.513671875,0.5675545567046046,0.5285025552244237,7.162105003080282,2.2587289244633575,0.31537221577900937,0.2372069803331751,0.06559008143812747,0.02400353461751692,0.005967038878744938,0.994366254803257,0.40784733123703054,0.9896273329495378,0.40582023952681096,7.143053795264999,2.2468568558364113,0.31455129979922763,0.23456428673721952,0.06490960063923328,0.022729561530946185,0.005659932661968999,0.9811293029848418,0.40294795500134084,0.9754469375192647,0.4001219684631797,50,9,2.748046875,12.734375,2.746205422919581,2.7462951353874443,2.7465449543393325,2.785489587808122,2.7347262501857243,2.737749519500781,2.7460332631806836,2.95430379334195,0.7841796875,0.82666015625,,,0.6517522354727885,0.5507486172954944,2.2752210787995972,0.3176749123087512,0.24476283317828074,0.09267054429017615,0.02120728680130579,0.006959150388520004,0.9943387776447699,0.6797537456075833,0.9948398021785714,0.6798634271201397,,,,,,,,,,,
23,train,received,1.0812468528747559,73.4375,73.5,1.25,3.384765625,3.7578125,115,10,4.015625,12.515625,4.011286954558579,4.011372502918446,4.011860424066765,4.0482604436979015,3.972820383021813,3.975705077150302,3.9917653932594415,4.179372458272928,0.67919921875,0.7421875,,,2.830078125,0.5507297549505258,0.5193442546345447,7.162105003080282,2.3065451984282594,0.3220485035385908,0.25005427634305555,0.06453316836175123,0.06013338692925885,0.014046578611785194,0.9943736867626214,0.3687788671793806,0.9889728640656203,0.36670775856732396,7.144950840963093,2.285088298688904,0.3198186173077839,0.24460348932838016,0.06293004701848431,0.05116428034309539,0.011926767088310523,0.9826001915328675,0.36287544556196494,0.9767810866099094,0.3604848773867683,82,10,3.076171875,12.71875,3.0731390348894725,3.0732274266746384,3.0735008463274265,3.111750990293686,3.0166018464830557,3.019592962087005,3.0287191905424127,3.2331772579292575,0.75830078125,0.80615234375,,,0.6299789187794126,0.5411085464606277,2.3148037950510796,0.3232015998167477,0.2514744843073764,0.08585972125293446,0.05478722120287127,0.016427556713830047,0.9943737237686001,0.5680587194276262,0.9948157022623505,0.5681486147712776,,,,,,,,,,,
24,train,received,1.0432701110839844,75.0,75.1875,1.240234375,3.3828125,3.7578125,220,10,4.4296875,12.515625,4.418538215376344,4.418622306495818,4.419137514806207,4.454727223218583,4.311621370740481,4.314466845811731,4.331335788333164,4.514527551591783,0.64599609375,0.7158203125,,,3.279296875,0.511000501706736,0.5053328634318225,7.162105003080282,2.3614516406385517,0.3297147472178832,0.2700295980234646,0.06380890109098694,0.09443298000728184,0.02036058254512535,0.99437364808451,0.3256583371119154,0.9922124592495409,0.3248972416178992,7.1460376525893645,2.3423991519576397,0.327789925807188,0.26281476435903794,0.061908422915129095,0.08818893132281147,0.018981003644719115,0.9835658053418381,0.3209589403208563,0.9814935212573133,0.3202453018657997,149,10,3.541015625,12.71875,3.5352143538637515,3.5353011971041557,3.5356078795426598,3.5729700100227553,3.4836827937027435,3.486620470924129,3.496803913984996,3.695271400142271,0.7216796875,0.77685546875,,,0.5995545981303276,0.5260217483214412,2.3675025490025448,0.3305595977696959,0.26895377086281336,0.08057243641720445,0.09117482200462845,0.02435083219934593,0.9943736901508107,0.46044034876888573,0.9948032877800026,0.46053244394296483,,,,,,,,,,,
25,train,received,0.9810997843742371,76.6875,77.0,1.2294921875,3.380859375,3.7578125,181,10,4.56640625,12.515625,4.561925240248329,4.562009284082978,4.5625800223260224,4.597984014084066,4.504342006383759,4.507167758661027,4.525804047822825,4.705330179742723,0.63525390625,0.70703125,,,3.408203125,0.4667951438310138,0.47725121470565834,7.162105003080282,2.4482000853828216,0.34182689088332247,0.26768981066641473,0.06240255474973098,0.18529685025949938,0.03945923216955035,0.9943736705074038,0.3196004164928353,0.9932126002009651,0.3191758470503155,7.143900526270089,2.4340024984910373,0.3407105809411175,0.2676588362785228,0.06241300341511763,0.16906438976299754,0.03603478123000351,0.9819261539210444,0.3157871336262762,0.9815333998066347,0.3155453892417755,126,10,3.669921875,12.71875,3.666365241676141,3.666452006557823,3.666815056748262,3.703991501723065,3.6314320084554845,3.6343550047518733,3.646368232086114,3.8415786215414194,0.71142578125,0.7685546875,,,0.5485867527114344,0.4967654824437244,2.462416908044164,0.343811897058913,0.26582703993329027,0.07862586747074879,0.189574189029722,0.05005798766374266,0.9943737097939955,0.45147739571148277,0.9947252099106345,0.4515342860324929,,,,,,,,,,,
26,train,received,0.9451461434364319,77.75,77.9375,1.2197265625,3.38671875,3.7578125,136,10,4.47265625,12.515625,4.473595948990059,4.473680484529015,4.474261030391436,4.509880024083404,4.420162896770304,4.422999539926689,4.441985397903499,4.6221266622152735,0.642578125,0.712890625,,,3.3046875,0.4431808432653956,0.45359454005815414,7.162105003080282,2.491833632211188,0.34791917057059324,0.2550981070854963,0.06151474718686292,0.23730477297422503,0.05211911916403385,0.9943047019481828,0.33494964823722034,0.9939018295581485,0.33475744069837626,7.150435847891314,2.4743531616140153,0.3460422852886247,0.2568429994778434,0.0617285881402784,0.2298964957194034,0.05039592660393116,0.9862861234654385,0.33106257482826645,0.9836083207216806,0.33004581189961796,80,10,3.552734375,12.71875,3.5447214415526993,3.544808755582707,3.5451750823761796,3.582617429853427,3.5196754737996985,3.5226121608463274,3.5347285640033395,3.731069856146013,0.720703125,0.77587890625,,,0.5313849968916481,0.4760237959561921,2.5025036158268006,0.3494089537573831,0.2522549074590721,0.07837280637203052,0.2406863614511856,0.06639927010794426,0.9943385894886347,0.4873656611220869,0.9948264734967358,0.4874850957794642,,,,,,,,,,,
27,train,received,0.9365507960319519,77.5,77.625,1.2099609375,3.37890625,3.755859375,143,9,4.47265625,12.515625,4.4678040725187,4.467888696527794,4.468470032864992,4.5041198151772415,4.436043720568101,4.4388788666154255,4.45798563783108,4.637857055547509,0.642578125,0.712890625,,,3.310546875,0.4432017810362379,0.46211163866896154,7.162105003080282,2.4926544337235104,0.34803377396051416,0.25303931404033086,0.06110420140401575,0.24377161668139102,0.05360807931185767,0.9943737018062535,0.3356321388697173,0.9939074468994447,0.33541804777715567,7.145646439299719,2.4849277272931687,0.3477540833291906,0.2532338127973386,0.06109578602930599,0.24067913197216662,0.0529265088054412,0.9831274851199332,0.331555139039464,0.9803335339367667,0.33057766357062907,83,9,3.552734375,12.734375,3.548511294805363,3.5485986562744474,3.548965221615846,3.586417970700918,3.499668084022669,3.502607177629145,3.514654112546964,3.7112839852971784,0.72119140625,0.77587890625,,,0.5365158985141087,0.48651595955617,2.5020737135619346,0.34934892918853344,0.24954990090142637,0.0775697804182789,0.24479669336218812,0.06756212320744855,0.9943737346950314,0.4877537847806411,0.9945943984868348,0.4877421720217093,,,,,,,,,,,
28,train,received,0.9400365352630615,77.75,77.875,1.19921875,3.376953125,3.7578125,159,10,4.57421875,12.515625,4.572183262120419,4.572267487512624,4.572847861488144,4.608290551326545,4.51475044827148,4.517576672906027,4.53670797527982,4.715727306615863,0.634765625,0.70654296875,,,3.4140625,0.4915162991216727,0.48242676504574633,7.162105003080282,2.4843005972503143,0.34686737993674555,0.23842740902409076,0.05603479877954646,0.25334637319015485,0.054352537708561556,0.9943049045905479,0.3231866163357253,0.9940910865573978,0.32306451269800546,7.15081545050767,2.470325207537619,0.34546062957927953,0.23663105226720482,0.055485042486379414,0.24610747537420075,0.05271844606336723,0.9865022328936313,0.31973124479991655,0.9847982187331787,0.3190305402393564,102,10,3.650390625,12.71875,3.651637937007435,3.6517249171633375,3.6520903480923437,3.689342987005378,3.6051496116576613,3.608076730416654,3.6200698996057707,3.8156440058308085,0.712890625,0.76953125,,,0.5707246277000135,0.501191287135452,2.4954538302301534,0.3484246362147591,0.23624939906635412,0.07107345752209696,0.2517115154794354,0.06747939438637089,0.9943737215631838,0.46344896381358786,0.9948617814626326,0.46356819954020395,,,,,,,,,,,
29,train,received,0.9146093726158142,78.4375,78.5,1.189453125,3.373046875,3.7578125,164,9,4.58203125,12.515625,4.578609308502179,4.578693561455345,4.579269352583038,4.614720034351028,4.537559176493507,4.54038233912712,4.559161867015813,4.738266538085525,0.6337890625,0.70556640625,,,3.416015625,0.48094323286202867,0.48865009228129036,7.162105003080282,2.4911010391679786,0.34781688317842374,0.23668344994546509,0.05552807026130917,0.2553023006623967,0.05468507657435955,0.9943393825166797,0.3224199404009043,0.9934100319221182,0.32206627748203287,7.152591871234912,2.4808324891632028,0.346843848191618,0.23786683593065838,0.0557228859722757,0.25221508454106356,0.05400654463014313,0.9879474731630413,0.31992721877663616,0.9849737425686005,0.31889469020239947,107,10,3.63671875,12.71875,3.634591034454493,3.6346780805165393,3.635033788524877,3.672330543757167,3.585886245428669,3.588815206193067,3.6004949768781915,3.7965648638792677,0.71435546875,0.7705078125,,,0.5730343501304096,0.5114456902407607,2.498047306132436,0.34878674706082563,0.23586124198095604,0.071305245121476,0.2552128273698635,0.06871736750737684,0.9943737273450672,0.4669854882741434,0.9948634505792979,0.4671055828033753,,,,,,,,,,,
30,train,received,0.9046609401702881,78.8125,78.9375,1.1796875,3.38671875,3.755859375,155,10,4.50390625,12.515625,4.496756372180405,4.496840907762148,4.497416031529717,4.533021485776681,4.449885796272856,4.452719301921241,4.4713568299798405,4.651548367994984,0.64013671875,0.7109375,,,3.328125,0.4803043602656601,0.4759610745324566,7.162105003080282,2.5035340921305895,0.3495528327291862,0.249874713866447,0.05990287940237018,0.2537383382440712,0.05543150152087945,0.9943737028236423,0.33224329985200673,0.994346026898957,0.33217845206452556,7.1489783260774775,2.496384562287707,0.349194590950373,0.2509983898331143,0.060209541409632646,0.24935578293941774,0.05455371478874314,0.985459522156404,0.32987380296822827,0.984213224193919,0.32944268022407347,107,10,3.5625,12.7265625,3.5641056006053735,3.5641928939511542,3.564549049488805,3.601978987457312,3.5095408162821218,3.5124785311726394,3.5241115874614413,3.721035929728978,0.72021484375,0.775390625,,,0.5671977386997107,0.4986746436481857,2.5138690042088956,0.350995831969474,0.24914458820155616,0.07739481407376674,0.2549867489837112,0.07033498338717906,0.9943737350827941,0.4872671704716807,0.9948746933791996,0.48739300609595987,,,,,,,,,,,
31,train,received,0.900822103023529,78.9375,79.0625,1.169921875,3.37890625,3.7578125,167,10,4.52734375,12.515625,4.5231394416591675,4.523223939142999,4.5238003204366395,4.559371623361355,4.460208976684171,4.463041472296009,4.481749073460972,4.6617714872509115,0.63818359375,0.70947265625,,,3.349609375,0.4961393889699892,0.4898183031877269,7.162105003080282,2.500440308377887,0.3491208670219853,0.24362717236468434,0.05805903919436842,0.25718959015219767,0.05588189129587021,0.9943737035669376,0.329505610394977,0.9943003709666316,0.3294266245121831,7.153076542261122,2.488239742970406,0.3478558810701418,0.24350030042828585,0.05790011856494166,0.25427216557804755,0.05520506074774243,0.9885971852592199,0.32696891901539654,0.9889923426658775,0.32699999311868483,111,10,3.580078125,12.71875,3.5750250954345004,3.5751124212335275,3.57547193093917,3.612899397746822,3.553052748951041,3.555986180698372,3.5678441082315913,3.764124527481564,0.71875,0.77392578125,,,0.5776252720770221,0.5133782860957425,2.507200215222177,0.3500647106044772,0.24226862860574983,0.0747339831071838,0.25417220011080843,0.06967578259867958,0.9943737370735004,0.48192803203770385,0.9948692700502351,0.48205115639177154,,,,,,,,,,,
32,train,received,0.8849948644638062,79.0,79.0625,1.16015625,3.3828125,3.7578125,172,10,4.5703125,12.515625,4.569912299947719,4.56999668668592,4.570572787920876,4.606071633103165,4.538660429551319,4.541484105817493,4.560242232218615,4.739394117543522,0.634765625,0.70654296875,,,3.4140625,0.49559590458064035,0.4841947573365613,7.162105003080282,2.498131925730185,0.34879856196687803,0.24509739230127536,0.05777931517328564,0.25665352905451577,0.0552164137826117,0.9943737023509254,0.32458375806082507,0.9937634651242648,0.32433152859473596,7.155538103472536,2.4932328216833355,0.3484340081248936,0.24382408216112328,0.057428167652991795,0.2521678967756191,0.05421205981253475,0.9904613333649017,0.3229023928500086,0.9894746953034197,0.32251735628569767,110,10,3.625,12.71875,3.62179484094386,3.6218820359678663,3.622242468667739,3.6595907865329473,3.617129066078337,3.6200550812441383,3.631955207057681,3.8275114438968174,0.71533203125,0.771484375,,,0.5791631026828129,0.5077555512259451,2.5067021624015564,0.3499951705990728,0.24449320101396488,0.0743191074044176,0.2520615823032326,0.06819927818127035,0.9943737363873026,0.47096508117237923,0.9948658917897175,0.47108640655348377,,,,,,,,,,,
33,train,received,0.8847847580909729,78.75,78.75,1.1513671875,3.3828125,3.7578125,189,10,4.59375,12.515625,4.5894561395384486,4.589540455528825,4.590119298323112,4.625577621530308,4.56176756202072,4.564588289871135,4.583553006126713,4.762236416732404,0.6328125,0.705078125,,,3.421875,0.4959919768233005,0.49560408051030913,7.162105003080282,2.4911863779846053,0.3478287985045171,0.24689271342729846,0.057798668854392395,0.2522903748502596,0.053933788863378254,0.9943397385743022,0.32146236282796314,0.9942401718853278,0.32137812458621834,7.152808092719564,2.4885062756241494,0.3479061989873681,0.24450354184448564,0.05721101244061833,0.25268936698453537,0.05404630561111705,0.9878960366014953,0.319543196970779,0.9871155533531422,0.3192329078003672,127,10,3.658203125,12.71875,3.6557943920059115,3.655881466097005,3.656244691177857,3.6935259524995456,3.640223321559624,3.643146384936295,3.6551242666386394,3.850341566454826,0.71240234375,0.76904296875,,,0.5809699981482206,0.5150446415216184,2.5036183002494803,0.349564590183015,0.24528400346852663,0.07381549107455494,0.24843767084204949,0.06662108189207112,0.9943737358262474,0.4636830757987107,0.9948746941226494,0.46380833026929846,,,,,,,,,,,
34,train,received,0.8875089883804321,79.5,79.625,1.1416015625,3.37109375,3.744140625,166,10,4.49609375,12.5,4.493952902293453,4.494037537589567,4.494613914274911,4.5302514607345765,4.459959242651467,4.4627919108618785,4.481425793927159,4.661532023912054,0.64013671875,0.71142578125,,,3.34375,0.48925237739230354,0.49073776531417346,7.162105003080282,2.481507554700035,0.3464774048457523,0.22475366513682538,0.05369054128421402,0.25544336104935894,0.05562457630777012,0.9943737060088171,0.33061243226108655,0.9946047796015778,0.3306341898382206,7.151845345112392,2.469760399328064,0.3453319080810257,0.22195784447541644,0.053005760150959834,0.25275467362447035,0.055046439096664575,0.9871997744176362,0.3281633194215404,0.9868388794719838,0.32788154753508125,119,10,3.587890625,12.7734375,3.582398546667317,3.582485877065467,3.582845330537545,3.620268771634262,3.5600908468799606,3.5630232805489106,3.574859160854063,3.771075961854716,0.71923828125,0.7734375,,,0.5765053366939945,0.5134411135869835,2.4911527822986206,0.34782410774866107,0.22880750105022685,0.07007661691499689,0.25470496985747637,0.06937759266751671,0.9943737391089869,0.47653332813548727,0.9948746974053924,0.47665896873296415,,,,,,,,,,,
35,train,received,0.87040114402771,80.0,80.0625,1.1318359375,3.376953125,3.7578125,163,10,4.515625,12.515625,4.512270308045615,4.51235481923506,4.512927358947204,4.548514687798347,4.46115954785688,4.46399161218958,4.482683081803614,4.662692317916935,0.63916015625,0.7099609375,,,3.345703125,0.48544614150630855,0.49134807537275826,7.162105003080282,2.511150204379705,0.35061622292604033,0.2498372286008994,0.059850831197041175,0.26337404702920075,0.05749881311302342,0.9943737039648273,0.33191046891753767,0.9947065205369094,0.33196604984517963,7.15373059016269,2.501684384337401,0.3497034662973669,0.24887239395795469,0.05950807143207841,0.25886752895731924,0.05644682012958827,0.9892242102736395,0.3294321654795316,0.9891824767169046,0.32940445753177083,101,10,3.564453125,12.71875,3.5579770743595276,3.5580644375846395,3.558419880521528,3.595876805611027,3.5351972482847795,3.5381321570138025,3.5498787738847466,3.7464257190487054,0.7197265625,0.77490234375,,,0.5751562724254013,0.5127511342322452,2.520678200912477,0.3519465575872432,0.2492158732184997,0.07758125704352867,0.2596500235086978,0.07175622764047741,0.9943737369213181,0.48890043085731366,0.9948746952177236,0.4890262859829042,,,,,,,,,,,
36,train,received,0.8735591173171997,80.125,80.125,1.123046875,3.37890625,3.7578125,215,10,4.65234375,12.515625,4.644794764918553,4.644878790922148,4.645457694531245,4.680780278698771,4.609006869358033,4.611821204730875,4.63070594085131,4.8089122442851675,0.62841796875,0.701171875,,,3.501953125,0.48507054233405916,0.48591104088414383,7.162105003080282,2.5063142443139297,0.3499410080187337,0.24549126481121064,0.05692916561988361,0.2696255115211805,0.05714337032004961,0.9942637407980932,0.31727088628740263,0.9943660372658796,0.31725281431469127,7.153569769211412,2.494788081029337,0.3487472914245938,0.24129226100780876,0.05583381275088286,0.2688471037916571,0.056896273579612765,0.9884686428586695,0.314610432417532,0.9884595404233227,0.31449379485258255,148,10,3.72265625,12.71875,3.7226281689281286,3.7227149739748637,3.7230801250718843,3.7602211269575916,3.6962919284625655,3.699208329673527,3.7112357746767652,3.905795524145316,0.70751953125,0.76513671875,,,0.5729472525710954,0.5069471901006152,2.5181811262428235,0.35159790664334056,0.2447555756189388,0.07258031951340156,0.2644368959722865,0.06998677091955463,0.9943737257343468,0.45326943276998405,0.9947709888625527,0.4533469953044198,,,,,,,,,,,
37,train,received,0.8596605658531189,80.375,80.5,1.11328125,3.37890625,3.7578125,220,10,4.6328125,12.515625,4.6271646450765545,4.627248627663234,4.627823490930132,4.663150835333463,4.552529124189456,4.55535012121496,4.573965119452285,4.753048080975429,0.6298828125,0.70263671875,,,3.4765625,0.4618423084402578,0.46904437724120934,7.162105003080282,2.526224637767668,0.35272097193230034,0.26275659608685586,0.06153288495591197,0.27122508542581336,0.057999156382941015,0.9943736844317321,0.3216206694102655,0.9947273417965006,0.32168293416427546,7.152427317997757,2.517029020434289,0.35191256178173974,0.25900903516419493,0.06047278568910214,0.2686866295475525,0.05735030743081331,0.9879068192341371,0.31849070332090385,0.9884608111748268,0.3185920079510816,156,10,3.703125,12.71875,3.7014027693523897,3.7014895564696757,3.7018511129934897,3.739007505674889,3.669443129226236,3.6723622619290457,3.684272471098855,3.8792134247342416,0.708984375,0.76611328125,,,0.5544220025813381,0.4917981339820526,2.538064240445077,0.35437406172535935,0.2630124182461966,0.07886713998250046,0.2669543404211119,0.07135793053347324,0.9943737236363646,0.4611145084922179,0.9948746819327701,0.4612396658351339,,,,,,,,,,,
38,train,received,0.8648562431335449,80.3125,80.5,1.1044921875,3.38671875,3.7578125,228,10,4.65234375,12.515625,4.655967992807878,4.656051814637493,4.656622058770009,4.691880758060129,4.584692723440022,4.587509481515303,4.606131596934368,4.784834437698022,0.6279296875,0.701171875,,,3.48828125,0.4813537411840093,0.4929605226972248,7.162105003080282,2.5298475682431407,0.3532268190923063,0.2624110103460886,0.06111822458046939,0.2734137332951114,0.05817710161859663,0.9943389307960881,0.3192021217870677,0.9945302740985236,0.31921221184414394,7.154707192036913,2.518742391316162,0.352039898169346,0.25706486081349844,0.059734130642356345,0.27055352885834516,0.057495644410405354,0.9893471559606111,0.31686841893089485,0.9893574953682496,0.3167586466317754,163,10,3.720703125,12.71875,3.714596682123055,3.714683416643056,3.715039440911915,3.7521734262375506,3.6912324818637994,3.694148732002985,3.705858226588212,3.9007452246830123,0.70751953125,0.76513671875,,,0.5729981206718251,0.5163044952130871,2.5396514114808117,0.3545956685064736,0.26230168185053593,0.07832579772232906,0.26860662705477445,0.07153238567398527,0.994373719189209,0.4581455538828953,0.9948746774856145,0.4582705906756144,,,,,,,,,,,
39,train,received,0.8528904318809509,80.75,80.875,1.095703125,3.3828125,3.7578125,263,10,4.73828125,12.515625,4.734112723001779,4.734196351408099,4.734765871678259,4.769900240717723,4.685991821599828,4.688796216122998,4.707489420191523,4.885005746475763,0.62109375,0.69580078125,,,3.630859375,0.5161767950493644,0.4912378761810236,7.162105003080282,2.533513882615024,0.3537387236748706,0.25971793516680286,0.05932277297799591,0.2743033448439469,0.057334914343489696,0.9943092542751941,0.3107580194849337,0.9941394166971333,0.31065630025605473,7.1539957592423775,2.5219652904946868,0.3525254103256231,0.25683584044866237,0.05865941759123692,0.2721735430762653,0.05690437965038776,0.9889671046822581,0.3090880145783114,0.9880245758589368,0.30875129835165466,174,10,3.794921875,12.71875,3.7937723181795895,3.79385885606666,3.7942161499031237,3.8312236955422287,3.7689250702648964,3.7718325898283536,3.7836125994467222,3.9776184463389366,0.70166015625,0.7607421875,,,0.5945981513378182,0.5118952162879026,2.547165500914837,0.355644813894707,0.26603683707663706,0.0778237704372271,0.2715318917417733,0.07099553952769791,0.9943737171094842,0.4439109338116003,0.9948746754058897,0.44403526927591197,,,,,,,,,,,
40,train,received,0.8400466442108154,80.5,80.6875,1.0859375,3.380859375,3.7578125,346,10,4.9921875,12.515625,4.984545228472724,4.984627882885986,4.985203041598863,5.019825399452461,4.90704532118014,4.90982335674708,4.92865699467699,5.103634303656768,0.60107421875,0.6796875,,,3.85546875,0.49231504935894393,0.48928938150873275,7.162105003080282,2.57558768301429,0.3596132257076069,0.29286294693156556,0.06395513262670802,0.2873141799186474,0.05763141075795058,0.9943040394887728,0.292376028397938,0.9936598962677872,0.2921435826154298,7.153943400361609,2.5600565149174628,0.3578524977969577,0.29090763532598274,0.06339666487772565,0.283964613331408,0.056875624964622395,0.9888958576882292,0.2901006364628707,0.985383620969964,0.2890136861852707,236,10,4.07421875,12.71875,4.0725475540830445,4.072633097522165,4.073001615371501,4.1094633988906555,4.040874073030928,4.043749796894506,4.05586795533594,4.246622838469885,0.6796875,0.7431640625,,,0.5793436260187825,0.5096008686244459,2.585922235447029,0.3610561747328298,0.2968633358407029,0.08130693292918652,0.2809643909995483,0.06924867529284841,0.9943736968695909,0.40213731004035796,0.9948746551659964,0.4022584088263509,,,,,,,,,,,
41,train,received,0.8364591002464294,80.8125,80.9375,1.0771484375,3.375,3.7578125,441,10,5.0859375,12.515625,5.080086045895625,5.08016823171513,5.080737819264376,5.1151393763785675,5.00468018598427,5.007444970874193,5.026041465145292,5.200101023349706,0.59375,0.67333984375,,,3.958984375,0.509806137031952,0.5052548152774227,7.162105003080282,2.5907663843711566,0.36173253299929536,0.2953989633373144,0.06338468656552813,0.30645459190247415,0.06048529954223551,0.9943389325911483,0.28556604143761527,0.994211307012395,0.2854883148812002,7.154387207847188,2.5800735784541127,0.3606281717075916,0.2920367878921759,0.06255554889476668,0.3047339004883458,0.06010644289789168,0.9900585886922189,0.28390602722399927,0.9886967702984979,0.28350250124568116,315,10,4.1796875,12.71875,4.178790994883553,4.178876077584081,4.179239887887088,4.2154762885375305,4.104883854958009,4.107751787875192,4.119719199295903,4.30991991027792,0.67138671875,0.736328125,,,0.6104742413825934,0.5281130577955724,2.5950993594236618,0.36233751924993557,0.2958423595505497,0.07882851502019517,0.29792970745507574,0.07163205257877024,0.9943736795484188,0.3862299018380378,0.9948746378448279,0.386349305893259,,,,,,,,,,,
42,train,received,0.8269304633140564,80.8125,80.875,1.068359375,3.3828125,3.7578125,560,10,5.265625,12.515625,5.257630026116092,5.257711341545444,5.258276115314153,5.292265574616186,5.116955636878059,5.119705113128643,5.138051227490255,5.311029128718683,0.5791015625,0.662109375,,,4.16015625,0.48817477110410723,0.4926849184217175,7.162105003080282,2.617536341316076,0.36547025493068375,0.30694938493942736,0.06374394232875101,0.32347932674432656,0.06195105182545718,0.994305385372348,0.2733915895749402,0.994314430945896,0.2733564240140144,7.155857528530582,2.609497519104246,0.36466594097214966,0.30509297372180466,0.06332082145026781,0.3197723783578086,0.06122834472698271,0.9905266510087305,0.27219416569229055,0.9904819409923995,0.2721522096501402,411,10,4.390625,12.71875,4.381124331209738,4.381208494915392,4.38156782568419,4.417357348829248,4.297432813527175,4.300276143975734,4.312142397411073,4.5002578317547846,0.65478515625,0.72314453125,,,0.5945982408566469,0.5157362648470403,2.619843292246623,0.36579236008406457,0.3049660209954439,0.07739960390062825,0.3157399325850587,0.07264517199459182,0.9943736411344961,0.36005497743145876,0.9948745994309016,0.36017103799728434,,,,,,,,,,,
43,train,received,0.815641462802887,81.1875,81.1875,1.0595703125,3.375,3.7578125,536,10,5.1796875,12.515625,5.173718068052583,5.173799629956692,5.174366713766652,5.208499585403537,5.04784573643568,5.050603351990993,5.0692155109195,5.24267423367308,0.5859375,0.66748046875,,,4.07421875,0.4768021983240653,0.48600106855608116,7.162105003080282,2.6303953624972944,0.3672656797639817,0.3161263425543197,0.06703962710722242,0.3260910083599491,0.06366856509744506,0.994303690884422,0.28110765119641407,0.9939943340441024,0.2809803951707824,7.155239915077967,2.625663373758476,0.36695672051827566,0.31389264555109087,0.06658553683415429,0.3235221102896748,0.06320563084957473,0.9899652599156985,0.280055598376059,0.9892179445304476,0.27981705506633425,390,10,4.28515625,12.71875,4.2777327370261045,4.277817211951829,4.278178950973509,4.314147080946027,4.2180361809729,4.2208882710615425,4.232812709694738,4.421690479692277,0.6630859375,0.7294921875,,,0.5832380084786127,0.5089292906767308,2.6310136781360667,0.36735201131574013,0.31401825561219887,0.08218378547010272,0.317906721739206,0.07520666988450611,0.9943736532968721,0.37629966630026657,0.9948746115932776,0.3764178831684282,,,,,,,,,,,
44,train,received,0.8129797577857971,81.375,81.375,1.05078125,3.37890625,3.7578125,503,10,5.12890625,12.515625,5.122482969103848,5.122564895604933,5.123133357660545,5.157419147071557,5.039429809359067,5.042188325587011,5.060717006095159,5.234343890370878,0.59033203125,0.6708984375,,,4.01171875,0.49742564053575244,0.5065068953004486,7.162105003080282,2.6221915181097817,0.3661202281985573,0.3098540589762795,0.06631715498201016,0.3156154790470964,0.06214753835910179,0.9943389793896404,0.2845941692865031,0.9936809463184995,0.2843650580353888,7.154986917884708,2.617241860264146,0.3657926828240665,0.30797975952834555,0.06591159182986991,0.31571300705890604,0.06218877832165463,0.9897811766337492,0.2833384738473664,0.9891809337851045,0.28309506771137205,368,10,4.22265625,12.71875,4.21875357489707,4.218838427872767,4.219202500795919,4.255332339465968,4.146283195777254,4.149144608577925,4.1611606792458495,4.350771231054201,0.66796875,0.7333984375,,,0.6058270903349654,0.5302083318819709,2.6214438504824527,0.36601583603633575,0.3063926477820136,0.08132396998566284,0.3093031332260754,0.07410699421764794,0.9943736684003301,0.3840564616922941,0.9948746266967357,0.3841756144001804,,,,,,,,,,,
45,train,received,0.8293229937553406,81.1875,81.3125,1.0419921875,3.39453125,3.7578125,503,10,5.078125,12.515625,5.068159850621722,5.068241924053167,5.068809256649975,5.103186232769132,4.977559011986864,4.980325272299153,4.998831965654882,5.173174198082895,0.59423828125,0.673828125,,,3.9765625,0.4769528488835233,0.4804827645904903,7.162105003080282,2.6208222094103917,0.365929040175092,0.3157711421195373,0.0682680933084779,0.3141093070565262,0.0624268477528357,0.9943736103185863,0.2884721717542257,0.9937614511301787,0.2882526898481219,7.156485618879174,2.6150255368999824,0.36540638466475944,0.31199975975440886,0.06738894512305398,0.31297997900472385,0.062169453173077316,0.9895931735796069,0.2868250603659097,0.9903857952916688,0.2869719153147709,394,10,4.1875,12.71875,4.17688712808524,4.1769720666402685,4.177334152549587,4.21352645638402,4.1153923447164384,4.118256260058295,4.130188150355963,4.320148826735074,0.6708984375,0.73583984375,,,0.5942363746632568,0.5054852054906476,2.6191409257126024,0.36569429303063283,0.3126297108398166,0.08374967095326491,0.3071429688041487,0.0742054753023376,0.9943736667678866,0.3892659066343252,0.9948746250642921,0.38938565382421664,,,,,,,,,,,
46,train,received,0.8090870976448059,81.5,81.6875,1.033203125,3.380859375,3.7578125,469,10,4.96875,12.515625,4.957763020525263,4.957845652517357,4.958412090314928,4.9930511187539075,4.8767904360205705,4.879569610128292,4.898162265162364,5.073564238129675,0.60302734375,0.68115234375,,,3.859375,0.4899520738903744,0.49887601167823914,7.162105003080282,2.6092872033138805,0.36431847930066324,0.30084906800691513,0.06648736808822497,0.3095810256323368,0.06278150243473032,0.9942696991077398,0.2971088212642911,0.9943621428002976,0.2970919716371108,7.154117646528029,2.602747503878346,0.3638111130506063,0.29765173771146536,0.06577921874019357,0.3088338974905067,0.0626624885017031,0.9888124639099924,0.29565059014720774,0.9894657952879866,0.2957558488526754,346,10,4.05078125,12.71875,4.044266475606688,4.044352001362243,4.0447098400641845,4.081194486685842,3.9780884565077255,3.9809693408746387,3.9927492555079334,4.184385819612442,0.681640625,0.74462890625,,,0.6092076793065574,0.5241216469517074,2.6065258804258296,0.3639329330280432,0.29787147407073533,0.08242938347065927,0.3035461154980368,0.07551203812450799,0.9943736864943133,0.408327764394476,0.9948746447907189,0.40844945378633,,,,,,,,,,,
47,train,received,0.8033349514007568,81.5,81.5,1.025390625,3.388671875,3.7578125,490,10,4.98046875,12.515625,4.973355543156986,4.973438151144288,4.9740078264122545,5.00862223216673,4.911513955473403,4.914288416277614,4.932902106431777,5.107873615167883,0.60205078125,0.68017578125,,,3.873046875,0.48754387868749904,0.4965926095312259,7.162105003080282,2.6265243019633813,0.3667251877532882,0.31037814591003965,0.06864799506016453,0.3187822072932178,0.06469476857201988,0.9943391323195883,0.2974501002090156,0.99433290632627,0.29740366929828305,7.1538868101865205,2.6197677150492966,0.3662020080215656,0.308163035464478,0.06819129554260728,0.319294295187067,0.06482321911057536,0.9887174362047739,0.2959065788582968,0.9877131845029927,0.29552701007897864,368,10,4.078125,12.71875,4.079175347476719,4.079260773450557,4.079622488261469,4.116043106752786,4.025823800659278,4.0286989968859075,4.040625830158212,4.231598044030792,0.67919921875,0.74267578125,,,0.6098394558856423,0.5234452751780255,2.6226202557957734,0.36618009016453057,0.30795075490685164,0.0849518074472956,0.3146354741203279,0.07805034360252991,0.9943736865051349,0.4064336699062098,0.9948746448015404,0.40655518268993446,,,,,,,,,,,
48,train,received,0.8031830787658691,82.0625,82.125,1.0166015625,3.38671875,3.7578125,363,10,4.78515625,12.515625,4.77611812278992,4.776201769906338,4.776776428008492,4.811871238180986,4.711943973634696,4.714744176908298,4.733588782083561,4.910608689883737,0.61767578125,0.69287109375,,,3.634765625,0.4942785776486367,0.48580317041909216,7.162105003080282,2.604632083906708,0.363668514045313,0.29141697484694795,0.06697526161230503,0.30957286486421154,0.06507330137783422,0.9943384308327339,0.3134053546974569,0.9946935121894631,0.3134677771195166,7.155546161756549,2.590662542697319,0.36204958840784857,0.28479024801320385,0.06536406356890939,0.3074865071686874,0.06455742432175991,0.9899998655199118,0.3114405978863385,0.9893261705082468,0.31119516467182157,267,10,3.833984375,12.71875,3.8303085626563584,3.830395081800289,3.830758445773199,3.8677204454674885,3.8139184957461065,3.8168199315978044,3.828785102494403,4.022074667586808,0.69873046875,0.75830078125,,,0.6209007796833038,0.512742088880021,2.605305579714185,0.3637625500594719,0.2894235591089185,0.08506401841065418,0.30712815144763006,0.08064066472970192,0.9943737226277722,0.44711086664939004,0.9948746809241777,0.44723537755713827,,,,,,,,,,,
49,train,received,0.7945964932441711,82.0625,82.25,1.0087890625,3.375,3.7578125,344,10,4.75390625,12.515625,4.745816387747451,4.745900120755872,4.746467482974197,4.781619742261404,4.680978879132958,4.683782997245747,4.702130531368959,4.879994129645405,0.6201171875,0.69482421875,,,3.62890625,0.49915946288091834,0.5055057823437709,7.162105003080282,2.612124602124614,0.3647146475793345,0.301807774384919,0.07002740711194341,0.3082733888758149,0.06536709550100833,0.9943393093194324,0.317535237406251,0.9946148913389257,0.31757243813525643,7.155529887461132,2.6059094829924314,0.3641812030662958,0.2988008096092889,0.06928579293252911,0.3053602353937359,0.06474970954654738,0.9902065930321147,0.3161214828255094,0.9904548324944118,0.316083414962083,249,10,3.787109375,12.71875,3.7822390395849066,3.782325686293144,3.782680030742673,3.819728936058261,3.735368128293988,3.7382784683382178,3.749921038057091,3.944358119315707,0.7021484375,0.76123046875,,,0.6215257261442599,0.5298011468192212,2.615092923584386,0.3651290957699846,0.30147640406159404,0.09021476630892651,0.3060667566319939,0.08166256711588331,0.9943737275009266,0.45964723912647043,0.9948746857973321,0.45977233800206296,,,,,,,,,,,
50,train,received,0.7851998209953308,82.25,82.1875,1.0,3.390625,3.7578125,353,10,4.72265625,12.515625,4.7191408229181535,4.719224595818417,4.719792543107517,4.754979794321817,4.676516811174853,4.679321361021106,4.697856588917928,4.875575129070993,0.62255859375,0.69677734375,,,3.603515625,0.4890306812243076,0.49323831755188124,7.162105003080282,2.6242420677388045,0.36640653363922604,0.29704047068511663,0.06960274014398983,0.325490477037615,0.06964097415236334,0.9943387097728174,0.3218724146871633,0.9946884888193788,0.3219334343172834,7.155441176577916,2.6177430911988955,0.36583950962627143,0.2955452756637076,0.06919645066839641,0.3242976162806066,0.06935811493440106,0.9895986674692754,0.32013578546787297,0.990908845633788,0.3203957051791559,262,10,3.763671875,12.71875,3.7615576601450678,3.76164435390584,3.761999510136617,3.7990795092642156,3.721954646203071,3.724866338989126,3.7365213090711964,3.9310782826281283,0.7041015625,0.7626953125,,,0.6091841596762565,0.5191642420448391,2.6301370212369513,0.3672296091869332,0.29765674855240576,0.09009600042504694,0.32587017082966696,0.08783671197991345,0.9943737291225965,0.46786334501368887,0.994874687419002,0.46798874334994106,,,,,,,,,,,
1,test,,2.970834970474243,36.34375,38.4375,1.5,2.3359375,2.62109375,7,5,1.7470703125,9.15625,1.7459484001133767,1.7463198326793004,1.7466167441389073,1.8269977494846632,1.6938649007511597,1.7505004966563953,1.7937304433740708,2.620142341968941,0.80908203125,0.8876953125,6.4453125,1.4287109375,0.98583984375,0.506199198374228,0.5058006455423832,5.50434055893928,1.0074026285182687,0.18301967651369327,0.002284756913702779,0.001656228749339991,0.0036341151530763227,0.002138825142831633,0.934463178628639,0.5583539097223367,0.003568191217211414,0.002118578461584317,4.990047497954461,1.005725870491647,0.20154635219482736,0.002115581262126298,0.0015986061631740368,0.0027317455414310743,0.0019338844520028673,0.8329264261181324,0.530887820319315,0.0030865793214323034,0.0019717703451992874,5,5,1.0673828125,9.3046875,1.0654112585672102,1.0657906561155521,1.0657969549953916,1.1487830355624729,0.9984533491413032,1.0566971963107894,1.0567176795811806,1.9566879895696059,0.88525390625,0.9326171875,7.92578125,1.4423828125,0.560225359775736,0.5588165618892073,1.0039476305272166,0.18239199042594914,0.0018676942168553978,0.0026550015918356488,0.002864131391354441,0.0027995008489052333,0.9349704133102463,0.9372453769246842,0.0028356844922985402,0.0028126003424043186,4.990047497954461,1.003023168853235,0.20100473377545963,0.0012870069717800803,0.001968060020368777,0.002087865116679133,0.0028095745232371502,0.8328847590394597,0.9259553157891021,0.0020505926047986733,0.0022887593999739325
2,test,,2.8745384216308594,37.96875,37.96875,1.4873046875,2.337890625,2.615234375,8,5,1.7197265625,9.15625,1.7146677224780498,1.7150395569434222,1.7153319813702326,1.7958306210192088,1.7189335520176885,1.7755112476660797,1.8204274277362051,2.6440601435459503,0.81201171875,0.8896484375,1.03125,1.0244140625,0.859375,0.5045347815337684,0.504690122553421,5.50434055893928,1.0045904432991768,0.18250877331121523,0.0017807131314251379,0.0013167130142257833,0.0025822532406998278,0.0015443944629849147,0.934947265893479,0.5678382136188258,0.002471448624672412,0.0014913961492482608,5.03879511603037,1.003901302455152,0.19923439618756297,0.001621967345677433,0.001267740552196411,0.002000899093967057,0.0014007902732470605,0.7893620975642497,0.5253381531406253,0.0020999019924579088,0.001402797969069301,5,5,1.0361328125,9.296875,1.0323085193617227,1.0326883472737052,1.0326905556875277,1.1158009295293367,0.9984533491413032,1.0566971963107894,1.0567176795811806,1.9566879895696059,0.888671875,0.9345703125,1.0341796875,1.0263671875,0.5599821301961279,0.5599821301961279,1.0031708042896939,0.18225086067040355,0.0013144655981491837,0.0019514789646831114,0.0018984147671270435,0.0019114163234367485,0.9349625636311982,0.9661856110621628,0.0018055004869017566,0.0018455132327109488,5.03879511603037,1.0022695007044666,0.19891054857853954,0.0009885532857323298,0.0016486209192298447,0.0014706134777187074,0.0019644433860676698,0.7895627848541427,0.9596192326517048,0.0014589321165994207,0.0017853977587833634
3,test,,2.8623299598693848,36.125,35.1875,1.4755859375,2.33984375,2.615234375,4,2,1.708984375,9.1484375,1.709108811105499,1.7094807405109795,1.7097719954325268,1.7902957558212538,1.7247532330860813,1.7813174984093332,1.8276980051935594,2.649612877851176,0.8134765625,0.89013671875,1.01953125,1.0166015625,0.86083984375,0.5031660174679562,0.5029156084663646,5.50434055893928,1.0036130395607374,0.1823312036772194,0.0013710042869208294,0.0010194100098817377,0.001869948425996526,0.0011234135444279849,0.9349703910368348,0.5704482786281992,0.0017740831586259276,0.0010754335443297184,5.071837150851696,1.0028605813756901,0.19773122668327062,0.0010478244240834655,0.0008155525969159916,0.0015679171906226586,0.0010623817101543952,0.7709395486956891,0.522655209696827,0.0015273320490205577,0.0010825891906127846,2,2,1.0244140625,9.296875,1.024241520019295,1.0246214529597495,1.0246227010427873,1.1077634421974156,1.0410120660003905,1.099156411440499,1.1001963174029965,1.9972750179419,0.8896484375,0.935546875,1.021484375,1.0185546875,0.5619504763772147,0.5619504763772147,1.0016350704552224,0.181971856524852,0.0011380671127216857,0.0017155518199326212,0.0014628202682063218,0.0014881085515773059,0.9349605964603391,0.9764676008240638,0.0011102105443328014,0.001146760805590449,5.071837150851696,1.0012521059494233,0.19741408806497002,0.0010082469346279765,0.001674231086531976,0.0011785531884278555,0.0014857029762543714,0.7709395640069152,0.9728482358567283,0.0010992494571366862,0.0015094894831294329
4,test,,2.857896089553833,37.96875,37.71875,1.462890625,2.349609375,2.615234375,6,3,1.7109375,9.1484375,1.714651661868494,1.7150235198062709,1.715316924135747,1.7958185074402726,1.7159542237715981,1.7725388282927785,1.8186180439086634,2.641218138904459,0.81298828125,0.89013671875,1.017578125,1.01953125,0.85009765625,0.5058295833219547,0.506382940876989,5.50434055893928,1.0034448489417038,0.18230064767923332,0.0013498450902051928,0.001001497970963819,0.0019890892875578103,0.0011928929286493055,0.9349416611290895,0.5694141082575447,0.001992189211209805,0.0012055090465621175,5.162377260140932,1.0034968570988374,0.19438657938599438,0.0012446150585558868,0.0009602355020362831,0.0017804569162027661,0.0012100552700924758,0.700081044487133,0.4967855897787373,0.0017019999476310943,0.0011381748317002844,3,3,1.02734375,9.296875,1.0260040366915149,1.0263839370050791,1.026385393725653,1.1095180742169455,1.0195776273846517,1.0777720818531276,1.07827680388831,1.9768335425804078,0.8896484375,0.93505859375,1.01953125,1.021484375,0.5610910343256139,0.5610910343256139,1.0017734833324343,0.18199700265738686,0.0011187724684313949,0.001685297621945662,0.0015248331858073172,0.0015504677524425653,0.9349673777433534,0.9760056531044947,0.0013568209301348944,0.0014008242919883263,5.162377260140932,1.001376509425136,0.19397584852173289,0.0008614703163178916,0.0014084958486335738,0.000996897084297288,0.001266941875582292,0.7004212013908617,0.9665114798034888,0.0011072962089642147,0.0013656080447967478
5,test,,2.8526148796081543,38.65625,39.125,1.451171875,2.38671875,2.615234375,5,2,1.70703125,9.1484375,1.7045578172119018,1.7049298035406522,1.7052202450332403,1.7857610188213116,1.6910719691752911,1.7477140459691016,1.7915665825634997,2.617478227199564,0.8134765625,0.890625,1.017578125,1.015625,0.8486328125,0.5073657307393966,0.5078053055702207,5.50434055893928,1.0032866893638606,0.18227191406870363,0.0014363590374806279,0.0010655036365490953,0.0019579469672317273,0.0011740541225757838,0.9350705553820724,0.569412724600145,0.0021115217259737307,0.001277541191389867,5.076494253310751,1.0026617705157488,0.19751066789090524,0.0012110778053955329,0.0009234046649715607,0.0016041059784930312,0.0010982295793979984,0.8681607037964776,0.5520071900157635,0.0016813216331232894,0.0011608272029640279,2,2,1.0224609375,9.296875,1.0216297849645617,1.0220097463933742,1.0220106976548393,1.1051604705782603,1.041307383782343,1.0994510471745853,1.10053639569757,1.9975567790556241,0.89013671875,0.935546875,1.01953125,1.017578125,0.5619504763772147,0.5619504763772147,1.0021656152498102,0.18206824314717432,0.001101983628481129,0.0016606513321358834,0.0014271012677546935,0.0014514728300341281,0.9351024561717409,0.976409099103812,0.0014720692856240447,0.0015202144085349598,5.076494253310751,1.0013714476217312,0.19725649191243821,0.0009187627358615558,0.0014592929758011194,0.001199713768308186,0.0015406857917432,0.8681179480838024,0.9745444788256217,0.0011042621449037782,0.0014407650734597807
6,test,,2.899444341659546,34.25,34.5,1.439453125,2.38671875,2.615234375,5,2,1.7041015625,9.1484375,1.7049403136701826,1.7053123430586075,1.7056044670402104,1.7861498538760028,1.6661920438936888,1.7228915627594976,1.7634923534567044,2.593740044564031,0.81396484375,0.890625,1.015625,1.013671875,0.8369140625,0.5081714699010635,0.5090119145343652,5.50434055893928,1.003062663094482,0.18223121413980578,0.0010769162096027074,0.0008023444409576157,0.001845037812094219,0.0011102407866416337,0.9349588318681805,0.5713782691994911,0.0016386796184395536,0.0009949743226256578,5.109358179013789,1.0025547623303477,0.19621931506940493,0.0008187451922170297,0.0006360363547919317,0.0013033443659908883,0.0008274754593926538,0.6576686429797842,0.484773304751182,0.0010977906288189843,0.0008192699884861856,2,2,1.01953125,9.296875,1.0177872397826637,1.0181672625101508,1.0181678139588721,1.1013337903973814,0.9984533491413032,1.0566971963107894,1.0567176795811806,1.9566879895696059,0.89013671875,0.935546875,1.017578125,1.0146484375,0.5619504763772147,0.5619504763772147,1.001496128068328,0.1819466141937487,0.0008594911745838374,0.0013042727829979828,0.001193404233922557,0.0012194952879180944,0.9351024593183528,0.9811257832436469,0.0012048970823741456,0.001250248595760349,5.109358179013789,1.0011022634654658,0.19593503301009504,0.0009106070753315265,0.00149998990838457,0.0011620650583425984,0.0012985431629524737,0.6576686570135495,0.9722127449210324,0.0008196915116238657,0.001242378833355751
7,test,,2.8529393672943115,35.65625,35.40625,1.427734375,2.373046875,2.615234375,5,2,1.703125,9.1484375,1.7070970778946304,1.707469065202827,1.707760876929389,1.7882963831331637,1.7204311980524825,1.7770054360029748,1.8224813429121471,2.645489062932939,0.81396484375,0.890625,1.013671875,1.0126953125,0.83984375,0.5064047020347131,0.5065723407909299,5.50434055893928,1.0023394959687826,0.18209983289295958,0.0008931878252811387,0.0006667841250998914,0.0014832936688948806,0.0008939976071664139,0.9351024457917765,0.5723986636347989,0.0014655217033334722,0.0008912790252660644,5.172360206504904,1.0020846240885817,0.1937383678012858,0.0009602162707729178,0.0007399812137684028,0.0013065039258224331,0.0008899865875090549,0.7226486124720743,0.5071086491144042,0.0011736161418642865,0.0008323035838374155,2,2,1.017578125,9.2890625,1.0200731315522455,1.0204531173609281,1.0204538821361524,1.1036101224256372,0.9984533491413032,1.0566971963107894,1.0567176795811806,1.9566879895696059,0.890625,0.935546875,1.015625,1.0146484375,0.5619504763772147,0.5619504763772147,1.0011225670994175,0.18187874757741007,0.0009363788000902318,0.0014236321457420334,0.0011866918134311177,0.0012141769122867966,0.9351024607443117,0.9824058349831287,0.0012089286543064404,0.001256050455818506,5.172360206504904,1.0011242307713406,0.19355268983631474,0.00079001936868206,0.0012945640993763938,0.0007957444197472796,0.0010193480518807336,0.7226486293596999,0.9796320347492208,0.0008395414674868817,0.0011616441292411194
8,test,,2.879756450653076,35.875,35.65625,1.416015625,2.388671875,2.615234375,4,2,1.701171875,9.1484375,1.6987339356807973,1.6991060309817358,1.6993961441452763,1.7799636213232533,1.674118700792461,1.7307999380284111,1.7736688432327803,2.6013033281174742,0.81396484375,0.890625,1.013671875,1.01171875,0.8388671875,0.5095640527789355,0.509375197534578,5.50434055893928,1.0022304439276617,0.1820800208846085,0.00111878881737848,0.0008339609798633769,0.0014864505181364507,0.0008948267862075639,0.934828544152583,0.571534645860301,0.0015288262675268172,0.0009286544946009779,5.198915073913434,1.00158747661687,0.19265317135925716,0.0009772800390797087,0.0007466001818017694,0.0014585228623786861,0.000933437604141766,0.7373371250496303,0.5130759947108877,0.0013751805309789589,0.0009713975780929694,2,2,1.015625,9.2890625,1.0167124418165894,1.017092486075703,1.0170929160404696,1.1002640451040224,0.9984533491413032,1.0566971963107894,1.0567176795811806,1.9566879895696059,0.890625,0.93603515625,1.0146484375,1.0126953125,0.5619504763772147,0.5619504763772147,1.0010057887636463,0.1818575318959818,0.0007382711982168999,0.0011252378815525086,0.00112041688651221,0.0011482902260822106,0.9351024619123001,0.9840982564760482,0.0011053160325404932,0.0011503556910797473,5.198915073913434,1.0010244058174667,0.19254486591641032,0.0006498959741918497,0.0010423108938713579,0.0008406962072458057,0.0009585288579264355,0.7373371413095775,0.980981279700079,0.0009321958573895728,0.0012766082089680126
9,test,,2.8929831981658936,34.96875,34.96875,1.404296875,2.314453125,2.615234375,5,2,1.7001953125,9.1484375,1.7015321954629616,1.7019042639809179,1.7021958963594301,1.7827531986703478,1.705107713356836,1.7617173598161353,1.8075140820336806,2.6308693725319876,0.81396484375,0.890625,1.015625,1.01171875,0.83203125,0.5026025666237192,0.5029896702747653,5.50434055893928,1.0023129384815699,0.1820950080666378,0.0009231128696072233,0.0006876036476115217,0.0014663904199361255,0.0008822351009352618,0.9349532102758777,0.5712717066609796,0.0013354723622498454,0.0008107273779005534,5.169830359131136,1.0020052189213415,0.1938178139929804,0.001028566600860259,0.000736386393357297,0.0014561363237826086,0.0009231758531051634,0.7981206326997139,0.5333241132366723,0.0012338797800000023,0.0008660250539721666,2,2,1.015625,9.296875,1.0159832147322956,1.0163632733886612,1.0163636185402756,1.099538199022629,0.9984533491413032,1.0566971963107894,1.0567176795811806,1.9566879895696059,0.890625,0.93603515625,1.0185546875,1.0126953125,0.5619504763772147,0.5619504763772147,1.0011376600556547,0.18188148958729766,0.0007524855647789153,0.0011477481209686761,0.0009514139295179191,0.0009755660474061156,0.9351024630065856,0.9845989994294523,0.0010037274317289402,0.001045153190853768,5.169830359131136,1.0008644994878768,0.19359716469615193,0.0007776890713593332,0.0010893013767711826,0.0009896053116946746,0.0011063593022433162,0.7982930269195299,0.9811135374191214,0.0007938506677103163,0.0010699944588143772
10,test,,2.892904043197632,37.5,37.71875,1.392578125,2.373046875,2.615234375,5,2,1.7001953125,9.1484375,1.6975216545992575,1.6978937857701875,1.6981844144941596,1.778758919698347,1.680683029189787,1.7373485057349898,1.7799994113010145,2.6075574151622978,0.81396484375,0.890625,1.01171875,1.0107421875,0.83984375,0.5070825110355676,0.5071819131749903,5.50434055893928,1.0020416444392446,0.1820457207742873,0.0011061338144440214,0.0008248614728944556,0.0015031728106373876,0.0009051891680027116,0.9350792986250536,0.5718777120017965,0.0015947262665836348,0.0009690035689286251,5.20316078089968,1.001810501345239,0.19253883236181982,0.0009177517036542682,0.000756554710774016,0.0013440704346567856,0.0009065439284440459,0.7851822847853835,0.5299768588214567,0.001082552794498426,0.0007421107938555764,2,2,1.0146484375,9.296875,1.0134248709372964,1.013804956436894,1.0138049524003114,1.0969881372303016,1.019887787757042,1.0780815258981609,1.0786336998582768,1.9771294649310982,0.890625,0.93603515625,1.0126953125,1.01171875,0.5619504763772147,0.5619504763772147,1.000967671036165,0.18185060686525864,0.0008536962717515806,0.0013007540132510059,0.0013387610134163452,0.0013717760045495358,0.9349704969168275,0.983745649452801,0.0011247322683995975,0.0011703116574100574,5.20316078089968,1.0008526123114199,0.1923547348345369,0.0006166461175594051,0.0011602098549594237,0.0009283847576950777,0.0011589461199625192,0.7851822980263936,0.9815161133439797,0.000824989947300736,0.0010615222015230364
11,test,,2.7546284198760986,43.96875,44.4375,1.380859375,2.591796875,2.828125,18,8,2.724609375,10.2578125,2.7305624655414085,2.7309222070418415,2.7317940554280082,2.808221281033176,2.580405412045732,2.634985147740051,2.7563975896561534,3.4658590391553625,0.734375,0.8251953125,1.4248046875,2.212890625,1.83203125,0.5333665340404218,0.5388254354265752,5.50434055893928,1.3708228419079993,0.2490439730662605,0.005421437779235205,0.0027225721054978335,0.007625300665643486,0.003299686760461634,0.9338857138520122,0.4086306962457861,0.34557815063045627,0.15051067784907207,5.294713384162565,1.2524228680711391,0.23654214632606177,0.014102721963653586,0.006860457294230582,0.023646358368529796,0.010015298531334031,0.8430510891773908,0.3629750155980805,0.2100594649366183,0.09283897529645382,15,8,2.115234375,10.5078125,2.1177095631144467,2.1180765462088895,2.1183745060410843,2.1974713607510292,2.028477821579487,2.084332483780061,2.127948033649231,2.9392724201582023,0.798828125,0.86669921875,1.47265625,2.3046875,0.573546545555797,0.5551156189830553,1.4608932532101266,0.2654074975134986,0.004096293356959713,0.00317817706384724,0.005992083090552214,0.0037252491847055763,0.9351023428675482,0.5907184726618765,0.43749887691960865,0.27453041936739575,5.294713384162565,1.304050864732432,0.24629300400529358,0.018313079330111393,0.013126683180607534,0.03427145691105604,0.020154063496770153,0.8441943405731109,0.5079190784001717,0.2563878059693012,0.1600351805530906
12,test,,2.146928548812866,47.46875,47.21875,1.369140625,3.328125,3.658203125,9,4,2.49609375,12.234375,2.49495363007745,2.4953162309863552,2.4961900472670084,2.5734367031744494,2.5075540536626346,2.562305799660633,2.695605772170066,3.396408480801532,0.7958984375,0.83984375,1.798828125,1.5859375,1.291015625,0.531553236634899,0.4858151209047299,5.50434055893928,1.4799642860605537,0.26887222369572134,0.0027310806314106983,0.0016530753440622224,0.0044782492695221165,0.002271211196709422,0.9349587866094984,0.4803945051089896,0.4544822352935629,0.23225006431111767,5.3508481110683075,1.479802880051265,0.2765548281944821,0.002395639987937237,0.0015364249847498578,0.003724864683722906,0.001964467805215102,0.8717091183857386,0.4636617152943258,0.41918864587650617,0.22511834943473077,5,4,1.5419921875,12.4375,1.5466582536819955,1.5470319979332194,1.5472435605625345,1.6283843824243822,1.5502135814331077,1.6071799246859066,1.640102607287465,2.4830711442443656,0.8759765625,0.90283203125,3.109375,1.7021484375,0.5784072385066756,0.5002421534630832,1.476136227146177,0.2681767618373231,0.0018014854275199,0.0025655139846941675,0.0027834793462666596,0.0027240496167063965,0.9351024290446617,0.938572383100423,0.45368053558993715,0.4505547504324376,5.3508481110683075,1.4758802081708728,0.27582173471117466,0.0018380050725568253,0.0030019296448761607,0.0023564638528199566,0.0024826744013695685,0.8717091495879217,0.934209014969968,0.4187790341896642,0.45761913563066714
13,test,,2.184708833694458,48.15625,48.375,1.3583984375,3.26171875,3.658203125,14,6,2.501953125,12.234375,2.4989229611584447,2.499285522616815,2.5001598357591037,2.5773932230896754,2.3548645685548277,2.409971467095784,2.5339541585665546,3.2507660569672643,0.79541015625,0.83935546875,1.537109375,1.5078125,1.296875,0.5281853110004895,0.4837948105549142,5.50434055893928,1.4813369033180352,0.2691215936688877,0.002896882206947282,0.001746421457070914,0.00420130751339709,0.002123613085710072,0.9351023878161833,0.4788365692532674,0.4553786050080042,0.2319221077576035,5.294111022642373,1.471075967042136,0.2778702525788549,0.003908943004821808,0.0024630964686271324,0.007260103449588939,0.0038442699375060225,0.8463321402484665,0.4511493578186265,0.40481044141364464,0.21975704722685818,7,6,1.5498046875,12.4375,1.547716424571112,1.5480901825164457,1.5483036725201504,1.6294432174315239,1.4912455064961019,1.5483498547106527,1.5797318225657548,2.426837039400408,0.87548828125,0.90234375,1.5400390625,1.5107421875,0.5781426264874302,0.5001944898206842,1.477390141938776,0.2684045665632793,0.001982557237096394,0.0028006241316845776,0.002877280598059251,0.0028002124381784235,0.9351024238051595,0.9332280228375831,0.454228185671826,0.4485569875444143,5.294111022642373,1.466181399552389,0.2769457220072795,0.002869909365694312,0.0045096591138776175,0.005722453303244279,0.0061010869763928706,0.8463321774123465,0.9146227413243516,0.4041591755159688,0.4533627392212443
14,test,,2.1645984649658203,44.90625,44.4375,1.3466796875,3.2578125,3.658203125,24,7,2.900390625,12.234375,2.8960608117434226,2.8964182654076516,2.897460747358118,2.9730975290971524,2.7914691941240464,2.845557847463333,2.9993264484339,3.667180011548007,0.7626953125,0.81396484375,1.57421875,1.5849609375,1.732421875,0.5130479201658541,0.47874752969253714,5.50434055893928,1.5402629883974681,0.27982697870974144,0.007477686967063413,0.003726517807426491,0.010419929918043636,0.004479303234236513,0.9351022569520149,0.4064380461860112,0.4985652194634502,0.21570211553834104,5.373798778135875,1.5033493798586304,0.27975542850157287,0.00743406098562982,0.0038135150804281476,0.012143446270121316,0.005258345247340886,0.9117847933531849,0.39374058558445035,0.44482735684116825,0.19355513316082237,17,7,1.9912109375,12.4375,1.9931645291777884,1.9935327774312959,1.993883680105267,2.073320378827729,2.0568501616914383,2.1126382239971133,2.17209351499999,2.966327042234338,0.83984375,0.87451171875,1.5810546875,1.5927734375,0.5564951518866027,0.49775284515733464,1.535271077859275,0.27892007433405086,0.005074047687332772,0.004606074362945664,0.0074314192335780405,0.005228890130481047,0.935102322934755,0.6699835960579524,0.5020399906871162,0.3569823602364106,5.373798778135875,1.4951772843027566,0.2782346987732617,0.005019462922310147,0.004836217228813776,0.008213251838218305,0.005875597405879786,0.9117848678136129,0.6493310853875601,0.4425340238451012,0.31913059726395293
15,test,,1.3924988508224487,58.09375,58.78125,1.3359375,3.3203125,3.658203125,91,10,4.9765625,12.234375,4.8864732859949935,4.8867986881051575,4.888561646872798,4.9552937744233425,4.1286437969846945,4.179606137113215,4.429920356897633,4.942402241040919,0.59326171875,0.6806640625,2.51171875,2.65234375,4.02734375,0.5106668504329467,0.5071616050412547,5.50434055893928,2.1733459483290334,0.3948422022687947,0.04810560411057452,0.014299695486284326,0.0695567442671221,0.01888218233843809,0.9349592916637075,0.2555783848342897,0.945521073753909,0.25771632913853026,5.440252259305151,2.1724418042180806,0.3993274026038552,0.04835699916216285,0.014653020441681874,0.0656210868871634,0.018125644960854802,0.9222287222678762,0.25256817020305633,0.9259153847306898,0.2533086571494863,76,10,4.234375,12.4375,4.1686147167116365,4.168949312116615,4.170017295343979,4.240015373952403,3.5415376770324745,3.5938634369221787,3.7558217214656002,4.38235972501756,0.6591796875,0.73291015625,2.580078125,2.67578125,0.6019128282121294,0.5279675923755166,2.1575535768539496,0.3919731262539692,0.04369570248306154,0.01645202743198976,0.06288386262038514,0.021133381890311716,0.9351012867017845,0.3169774607067227,0.945735978725506,0.31943085246499386,5.440252259305151,2.155633799411853,0.39623783910475846,0.040489918341912734,0.015729831556926074,0.05783759933645971,0.019983339711986778,0.9222288937569916,0.3152540715601543,0.9261089214272493,0.31616107851638947
16,test,,1.3767106533050537,58.09375,58.09375,1.3251953125,3.30859375,3.658203125,48,8,3.916015625,12.234375,3.889289783144336,3.889633737990362,3.8913355438048156,3.9626302219673866,3.87249793697571,3.924069764063705,4.188980345909832,4.698280057074861,0.6796875,0.74853515625,2.345703125,2.2734375,2.802734375,0.5165900950072775,0.5048554571803183,5.50434055893928,2.04955726858653,0.37235291796361747,0.015824824664149695,0.006347216845548831,0.02244080111768021,0.007978057937085295,0.9349621068161076,0.3354363488474528,0.9454230538933688,0.33790019552098083,5.436351592441774,2.0464795231050417,0.3764435556284268,0.015252593030140815,0.006319347718446432,0.022120345609730308,0.007930268909245263,0.9381506128402153,0.3344506261490988,0.9150174908796824,0.3289134907736239,40,9,3.060546875,12.4375,3.046869908269392,3.047224308598423,3.0481908322220956,3.123182025645322,2.708566512092949,2.7628430418689915,2.8983567933368013,3.58802978851587,0.75390625,0.80712890625,2.359375,2.287109375,0.632558222849165,0.5342123736861363,2.0375664175895345,0.37017448244194145,0.012249433510319818,0.00742767258357996,0.017611401272755067,0.00894531172092989,0.9351021287526002,0.4811998685208024,0.9457368207763208,0.48402358586722416,5.436351592441774,2.0353369841931137,0.37439392018405643,0.011034141494211447,0.007119667866916883,0.016096570798738163,0.008359538192901368,0.9381507555618036,0.4832772295691098,0.9150407813287149,0.4770516185107637
17,test,,1.3910795450210571,58.34375,57.625,1.314453125,3.27734375,3.658203125,47,8,3.984375,12.234375,3.9792960254533183,3.979639273294967,3.9814076419240867,4.052382496470229,3.660017770302425,3.7120871177912775,3.9688029269756315,4.495655541481872,0.67431640625,0.744140625,2.275390625,2.310546875,2.8671875,0.5250139396338188,0.512703734752029,5.50434055893928,2.100286392725956,0.38156912172067603,0.02293504596794893,0.009135007136977012,0.05171044155147442,0.018270302775190473,0.9351020495652342,0.3333951128374939,0.9381270074793662,0.3332102039261672,5.439607521392393,2.0575574733007107,0.37825476658176826,0.023076009413333765,0.009215245388673188,0.030658913344908,0.01084278771672917,0.9064595990838606,0.3217130624726713,0.9179224120541836,0.3230256465371252,38,8,3.12890625,12.4296875,3.1227610093926748,3.12311484134722,3.1241585079233114,3.198865622544676,2.976051423733141,3.0297075226656047,3.1886640400097463,3.8431948568204453,0.74853515625,0.802734375,2.2890625,2.33203125,0.6177638933846028,0.5325591703333447,2.094644393200121,0.3805441125546512,0.021117462763485584,0.01262806869581985,0.05105065603369585,0.02562928370883906,0.9351021869756906,0.4755464778768231,0.9391086018947234,0.4750149296502736,5.439607521392393,2.049321910736289,0.3767407671742681,0.020350029314209372,0.01216307468315591,0.027789081703580187,0.013918392371582733,0.9067101448509831,0.45641543904906506,0.9186284659493795,0.45688673365363025
18,test,,1.3755171298980713,58.09375,57.625,1.302734375,3.330078125,3.658203125,33,9,3.6015625,12.234375,3.5941528771073967,3.5945017917136584,3.59616631836449,3.6687441822493487,3.415420375330066,3.4680614812652073,3.7059954435301528,4.262389383780086,0.70556640625,0.7685546875,2.2421875,2.21484375,2.455078125,0.5425860024729726,0.5160179217384019,5.50434055893928,2.036498781432716,0.3699805198508941,0.012949337846262843,0.00589507693196645,0.017308966307284734,0.006878846969676293,0.9351021903648045,0.3754305699396073,0.9437102573790357,0.37727574230433464,5.432016329434291,2.0272105735212222,0.373196700926034,0.012559125586344422,0.005805320710743635,0.014275216363968113,0.0058300038245348695,0.9059306148613215,0.36770750745043934,0.9150853656613043,0.3698170288355409,19,9,2.705078125,12.4296875,2.7022243685939515,2.702583922395234,2.7034994754162494,2.779895972820816,2.5057132504047774,2.5604651169196475,2.692134209051175,3.3945912459693197,0.78271484375,0.82958984375,2.2578125,2.228515625,0.6371854061077251,0.537266519447897,2.0297531627041256,0.36875501088095314,0.010229137672911115,0.007775228330405161,0.014033802571688625,0.008582158352333493,0.9351022901640382,0.5809112818847317,0.9452789378613113,0.5833791641119375,5.432016329434291,2.0215418444821567,0.3721531236068075,0.009695710851812755,0.007560637514449448,0.010496137761808022,0.006695720676177913,0.906079935949923,0.5724763931241211,0.9159709109876593,0.5748390938152972
19,test,,1.3792009353637695,60.1875,59.5,1.2919921875,3.3125,3.658203125,31,9,3.69921875,12.234375,3.6892717506207444,3.689619401373964,3.6913388050305067,3.763514153289294,3.6182603160946014,3.670427907702965,3.914586011866216,4.455841754166979,0.69775390625,0.7626953125,2.26171875,2.11328125,2.552734375,0.5438883622888868,0.5205290913336761,5.50434055893928,2.1195048678625352,0.3850606344515458,0.05104706025154826,0.023189220621606284,0.021207106088611205,0.008412343589795392,0.9349623094152824,0.3746687410934465,0.9305588418465112,0.3713216885564977,5.452783103616062,2.0672355717429856,0.37911567954574976,0.03322765742078637,0.015060077378657154,0.018449640036560133,0.0072888547588887105,0.9268537006383486,0.36372435879928006,0.9198403409843072,0.3599272821285473,21,9,2.794921875,12.4296875,2.791375209867253,2.7917336849594565,2.7926961169995734,2.868736251150072,2.6346033916115026,2.6890551587994134,2.829849589058198,3.5175285864332193,0.775390625,0.82373046875,2.28125,2.11328125,0.6266151739975944,0.5454082678125628,2.133091466519841,0.387528977118905,0.0547967854721616,0.04222129323481471,0.018961910532140358,0.011723183867867467,0.9351022928083541,0.5873915816461368,0.9321099682631271,0.5816265126887875,5.452783103616062,2.0733088680260034,0.38022947706301946,0.034754136082814746,0.026727874927776504,0.01566773625504858,0.009640689695269858,0.9269139429832647,0.5644390118900773,0.9217989416117236,0.5588071093938409
20,test,,1.314545750617981,64.125,64.8125,1.2822265625,3.2890625,3.658203125,33,9,3.625,12.234375,3.6157351368499544,3.6160839659166086,3.617798984768401,3.6902808834493435,3.434296702997125,3.486897669339124,3.7287070834348652,4.280449732025817,0.70361328125,0.76708984375,2.0390625,1.9765625,2.4609375,0.5401286987350075,0.5173847910933667,5.50434055893928,2.2204897103235193,0.40340703605581796,0.05944943933548963,0.029221048968485125,0.008760429223963584,0.0037213543424909974,0.9351022757866767,0.4015756279391019,0.9423730654791944,0.40285817477980207,5.437675673833845,2.1740017938915877,0.3998035050808396,0.05008763902080293,0.02444255469715909,0.019885771926074547,0.008425448074717094,0.912096253903675,0.38635021571052164,0.8959138865827256,0.379622236125488,20,9,2.701171875,12.4296875,2.692263898903943,2.6926238420741138,2.693577742628759,2.7700135882671444,2.552664208425758,2.607309991131537,2.7480420194193806,3.439421539047082,0.78271484375,0.82958984375,2.10546875,1.98046875,0.636494180130104,0.5471205466358383,2.23788773919209,0.40656781956517324,0.06186447580607535,0.05609916597291003,0.006374673795916941,0.004481651635028764,0.9351023409661661,0.6694220537730391,0.9457370329898875,0.6719197857219235,5.437675673833845,2.1864158286280366,0.40208647219419386,0.05233362598037239,0.04754113440494055,0.016692424638386605,0.011823400082777154,0.9120963444685275,0.6457726973316017,0.900037890799708,0.6375906802631028
21,test,,1.314731478691101,62.28125,62.5,1.271484375,3.26171875,3.658203125,31,6,3.63671875,12.234375,3.6220493685627613,3.6223980375557603,3.6241179714167746,3.6965603541284024,3.5097840557806643,3.5622099686389688,3.8167664476242,4.35246067358512,0.70263671875,0.7666015625,2.009765625,1.9765625,2.51171875,0.5367461911175916,0.5174471419421722,5.50434055893928,2.24752731240734,0.40831908715336684,0.0655925602498737,0.03248973911079796,0.010193329238068927,0.00435892913180038,0.9351022739841319,0.4042846146345041,0.9391584042579701,0.4041799018860258,5.475608181142535,2.198951610890252,0.401590387431889,0.0693616445074774,0.03387848458777802,0.018824782969296905,0.007907853714746825,0.9397885257320597,0.3955596465445348,0.911287850867132,0.3826846984173764,19,7,2.681640625,12.4296875,2.6781835140535697,2.678543611425899,2.679495340498563,2.755979631305928,2.5878506882831824,2.6424122030813346,2.7808355814292898,3.472948198381129,0.7841796875,0.83056640625,2.029296875,1.9912109375,0.6267253193955054,0.5439191911805082,2.2585978739236308,0.4103303292627076,0.0676031805308277,0.06333233401940455,0.007746084975398304,0.0055845374153444234,0.9349604885015745,0.6866905413734761,0.9457370407245769,0.6892221400327777,5.475608181142535,2.2025868734977876,0.4022542885890345,0.06998935842056486,0.06470688123750437,0.015991420226439956,0.011303044468786107,0.940078893268967,0.666667425209408,0.9158580590892091,0.6469872997407913
22,test,,1.2532936334609985,62.03125,61.8125,1.2607421875,3.25390625,3.658203125,30,7,3.75390625,12.234375,3.7379331998809544,3.738280300283499,3.7400363956800065,3.8120122891775816,3.5592724586405233,3.6115816845261555,3.8672792525128203,4.399641856261255,0.693359375,0.7587890625,2.005859375,1.9931640625,2.583984375,0.5468283581708256,0.5253783390453467,5.50434055893928,2.275697723211864,0.4134369410548254,0.06633260142513464,0.0315687368781297,0.02209308346295913,0.009126221919365907,0.9351022322725129,0.39038688429720264,0.941388797650272,0.39127423245149884,5.441477770355167,2.25681359579342,0.41474277595847225,0.08407719029116834,0.0406595859346651,0.012995252590024542,0.005403848580991133,0.9242627508172472,0.3828307803854062,0.9225093729647842,0.38177132076406006,17,7,2.806640625,12.4296875,2.8003854680150364,2.800743945179538,2.801741119761347,2.8777333100765086,2.716899313132446,2.7711608617804755,2.9199104517914245,3.59604364510382,0.7744140625,0.82275390625,2.0390625,1.9970703125,0.6253490460088192,0.5446541127810514,2.283885836370967,0.41492451491974647,0.0686065948569965,0.059252246931128384,0.02032777990636614,0.013758252791174952,0.9351023263117808,0.6440172219866859,0.945589064424575,0.6465044148346437,5.441477770355167,2.2627581605908644,0.41583523007632783,0.08508557035755349,0.07686575644209467,0.00903061845110642,0.0062542387885205905,0.9242628463896576,0.635935557416923,0.9263700240734778,0.6364626268567857
23,test,,1.36605966091156,66.0,66.6875,1.25,3.248046875,3.658203125,58,10,4.2421875,12.234375,4.221011653539614,4.221351124122527,4.223169472923378,4.293117528631813,3.875729600408146,3.9272916501251256,4.185012644053163,4.701329480088436,0.6533203125,0.7275390625,2.09765625,2.146484375,3.134765625,0.5355820518792569,0.520451623805376,5.50434055893928,2.325468743084044,0.4224790814055619,0.0761557493271523,0.029857795608077897,0.044031065685055104,0.015340556392528463,0.9349699341288309,0.3286679210717516,0.9410702056348077,0.32958023666056163,5.4513311287755215,2.284259210171192,0.41902778536300045,0.08609351903556117,0.03433723148668283,0.036663098940350025,0.012823513912701548,0.9423765632523118,0.32667828875507754,0.9155777435270167,0.31987233565210427,42,10,3.357421875,12.4296875,3.3341269080552363,3.3344775769274024,3.3355669661951706,3.4093957033251736,3.1763207412724492,3.229508774163792,3.397001199156853,4.034187920929158,0.72998046875,0.7880859375,2.103515625,2.146484375,0.6208838440743369,0.5411342391146011,2.330411575820161,0.42337706958110993,0.07546385778123099,0.04576396858803228,0.04051078746551262,0.02057843766253839,0.9351021346099131,0.4812449408662414,0.9457368266336328,0.48406867590141117,5.4513311287755215,2.2837559967214864,0.41893547516612956,0.08601536167524682,0.052814633360287015,0.03250732978823212,0.016414640351694158,0.9423767074427873,0.46976554263914977,0.9199755007315824,0.46377766484839056
24,test,,1.2446577548980713,65.25,65.75,1.240234375,3.275390625,3.658203125,62,8,4.44140625,12.234375,4.4317645543617346,4.43210222786148,4.43406303834567,4.503256962996496,4.161228304976921,4.2121246926181755,4.498581752557465,4.973627454830681,0.63720703125,0.71484375,2.263671875,2.24609375,3.34765625,0.4952757499096289,0.5042125084465936,5.50434055893928,2.3794730160290873,0.43229029718459616,0.08177174266479437,0.030507466361754863,0.08552083752171491,0.028506865257414256,0.9351020441025071,0.31437342188192,0.9433082459513944,0.3160024760566828,5.474303794234815,2.3214504521530435,0.42406313924299305,0.08320331333180331,0.03077683103531767,0.05949552556379434,0.01956667387725339,0.9389618747564477,0.30829972724939014,0.9300326497094611,0.3060266548734875,42,8,3.57421875,12.4296875,3.560490264595508,3.5608388531838173,3.5620909380228993,3.635077273630975,3.2762177746045418,3.3291732165369208,3.50458283387195,4.129470953466071,0.71240234375,0.7744140625,2.26953125,2.23828125,0.5854066998322299,0.5221356492244715,2.385158250696854,0.43332316108661867,0.08118519208210628,0.04481616974111525,0.08751598744717803,0.04106534857590913,0.9351021780592079,0.4440970598484176,0.9456343861698269,0.44684217226459616,5.474303794234815,2.321649482253585,0.42409949639597955,0.08205792395000078,0.04470850789992561,0.05794930745945681,0.026672613109137513,0.9389620208324523,0.43119672360450906,0.932276577088798,0.42941944603135634
25,test,,1.1324708461761475,66.6875,67.125,1.2294921875,3.326171875,3.658203125,65,9,4.39453125,12.234375,4.387316325264256,4.387655115116623,4.389672547663879,4.459059197898802,4.121702591628432,4.172699015964178,4.469933035783319,4.936044742262481,0.640625,0.7177734375,2.216796875,2.18359375,3.27734375,0.4726911554280057,0.4878266776150787,5.50434055893928,2.458758121665734,0.4466944033236838,0.07126504343356377,0.027765050413421713,0.17900321847552814,0.062017338991878154,0.935102124392226,0.3268641961597945,0.9442100835089899,0.328825517055167,5.460091574628883,2.447109872384721,0.448181104462712,0.08488094195267681,0.03317924107500938,0.16895495564087248,0.05881174529002509,0.9300371587730796,0.323150821837192,0.9201082842728656,0.3193628837033367,45,9,3.505859375,12.4296875,3.492251148373824,3.492601055268845,3.4938960776286354,3.56715740540669,3.3019569425083724,3.3548588753172472,3.550418195129724,4.154116304476848,0.7177734375,0.77880859375,2.201171875,2.1640625,0.5603369262846075,0.5106427779919609,2.469359590171658,0.44862042305164324,0.06929941977371978,0.04153486638609051,0.18849847060319558,0.09481396326781778,0.9351022461301053,0.4764672903439735,0.9456443470985292,0.4792419682098032,5.460091574628883,2.4562311335257747,0.44985163709323356,0.08281038508250038,0.0500197352006954,0.17976638408599133,0.09124689843078496,0.9301723730827476,0.4708951587537853,0.9206906833270248,0.46537737559193754
26,test,,1.1598769426345825,67.8125,68.0625,1.2197265625,3.326171875,3.658203125,61,8,4.390625,12.234375,4.375434049757207,4.375773437223305,4.377835295591081,4.447293832902174,4.204148262666493,4.254954077354923,4.558032733035157,5.014701776638663,0.64111328125,0.71826171875,2.205078125,2.2109375,3.314453125,0.4650669418714967,0.4877315026687578,5.50434055893928,2.4574562634276376,0.4464578884815958,0.07135517003567049,0.02790185157573248,0.18411274083418583,0.06399498199436213,0.9349529475515421,0.32788416500000755,0.9449768879172709,0.3301681435329554,5.460269557338588,2.430259191811511,0.445080442694491,0.08384634014105874,0.032745040365668096,0.17271766383363296,0.05945352680976228,0.9277036564479246,0.3216914483309067,0.899743517238984,0.3125334100185587,40,8,3.5,12.4296875,3.4819897874315258,3.482340137510398,3.4836832174403347,3.5569848711799366,3.2542280933161107,3.3072432092759723,3.495270807638533,4.108622007309021,0.71826171875,0.779296875,2.189453125,2.197265625,0.5554862892110187,0.5067554067704017,2.464851589234421,0.4478014328585463,0.07059990272606598,0.04225289741510277,0.1883898934014745,0.09464389375503099,0.9351022923458459,0.47587923997622444,0.9456994257888809,0.4786815327011326,5.460269557338588,2.436598123705858,0.4462413619179435,0.08224445172815287,0.04948408022695729,0.17838388094144175,0.08890104849359234,0.927835819363267,0.46735579565449775,0.9000320889418782,0.45448619939781043
27,test,,1.118219256401062,68.75,68.3125,1.2099609375,3.296875,3.658203125,57,7,4.359375,12.234375,4.368072430666493,4.368411864125512,4.370454232255734,4.4399498735483975,4.252170254195091,4.30285810147166,4.5938826086915645,5.060415295008271,0.6435546875,0.72021484375,2.208984375,2.203125,3.2421875,0.46339859503341085,0.4873345573021026,5.50434055893928,2.4655731045437363,0.4479325140119723,0.07086586887888302,0.027994089276360188,0.18944717412990553,0.06644746212016911,0.9351021822774968,0.3309430431687173,0.9450584579443406,0.33321255570790165,5.495141914049981,2.453553767396598,0.4464950688759013,0.08166704955651305,0.032037730141830645,0.17822208432894193,0.06242255538235415,0.9395288209269914,0.3307871998369951,0.9530653201626729,0.33388163201959614,40,7,3.45703125,12.4296875,3.4442077517794427,3.4445584836930903,3.4458696343753252,3.5193222219424554,3.2948825634920427,3.3478019948653777,3.5379446846225973,4.147383684804834,0.7216796875,0.78173828125,2.201171875,2.19140625,0.5548487260353179,0.5063003797036162,2.471637520584362,0.44903426561612714,0.06920068805182211,0.04258945425914902,0.19008015734337125,0.09775495768909499,0.9351022892300094,0.4873010599437969,0.9457138335262876,0.49011475927508347,5.495141914049981,2.458677351176258,0.44742745312726334,0.08048617521916412,0.04893908576004061,0.17825530602777562,0.09138388032425541,0.9397991114373196,0.48548070193351445,0.9540180434415539,0.4892323946790405
28,test,,1.2118074893951416,65.75,66.4375,1.19921875,3.3046875,3.658203125,62,8,4.4765625,12.234375,4.463128839651639,4.46346697323547,4.465488413811084,4.5346501739739,4.221392871405913,4.272153042296595,4.56708203873861,5.031069397095316,0.63427734375,0.712890625,2.375,2.267578125,3.369140625,0.5046409521478501,0.5075780984036404,5.50434055893928,2.434377605518284,0.4422650777966041,0.07383579696493481,0.02761406860960622,0.19644912977901718,0.06562586743836905,0.9351021391653553,0.3150659183222579,0.9445505609955465,0.3171131249161866,5.446037775908587,2.3806575689732057,0.4371357061650256,0.06566668432334488,0.02461321844103828,0.19645226375709157,0.06513025830842868,0.925006047175227,0.3071724587173912,0.8955478280627709,0.2990007795640891,39,8,3.5859375,12.4375,3.5731497643266636,3.57349880869953,3.5747996163696016,3.647794143182657,3.3777047424410047,3.4304292517532944,3.618267393364566,4.226349659771003,0.71142578125,0.77392578125,2.41015625,2.267578125,0.5793856101899602,0.5221287807260241,2.442938586183275,0.4438203922931041,0.07263431353239369,0.04095578466849538,0.20322845526758204,0.09709424408724775,0.935102256460846,0.4522664943472683,0.9457369484845657,0.45506935469244575,5.446037775908587,2.390254152141334,0.4388978281999811,0.06558649746225775,0.036961348380333825,0.2043726930751042,0.09627434072008305,0.925006176645927,0.43676139857207297,0.89641499086824,0.42652847016632844
29,test,,1.2348390817642212,68.75,68.5,1.189453125,3.287109375,3.658203125,50,9,4.3046875,12.234375,4.297237937691096,4.2975783312055045,4.299586423363796,4.369378634323647,4.068414467703144,4.119536302951263,4.40523289408763,4.885237239202089,0.6484375,0.7236328125,2.462890625,2.447265625,3.169921875,0.4479820172233922,0.4786978307549917,5.50434055893928,2.4608621265360346,0.44707664799909436,0.07418036790406202,0.030006282393178218,0.19691192954541226,0.07053262379967634,0.9351022014015102,0.33803705501960407,0.9452803981882889,0.34040777871303457,5.472194823076431,2.421240496856945,0.4424624077064091,0.08644309545014295,0.03508255592844573,0.18437106060733122,0.06527997368322773,0.9300562302903685,0.33179298158879655,0.9426165019015436,0.3347048337418862,32,9,3.388671875,12.4296875,3.388722432821081,3.3890739542750117,3.3903418121752575,3.464048532090012,3.278100778154072,3.331058936688456,3.516822374622162,4.131371656792872,0.7275390625,0.7861328125,2.5859375,2.5390625,0.5481663488539954,0.5017871257787836,2.491792073460917,0.45269584008826314,0.07453591180623231,0.04849736199835417,0.19498282835638925,0.10502538886553155,0.9351023070938034,0.5107011559359632,0.9457369991175231,0.513526632433686,5.472194823076431,2.4502041498915377,0.447755284508319,0.0857899085286844,0.05638751419149008,0.18419752748180418,0.09788595771703779,0.9300563422635024,0.49987823519310176,0.9431962617530498,0.5033854880665858
30,test,,1.1910514831542969,69.4375,69.6875,1.1796875,3.330078125,3.658203125,48,7,4.34375,12.234375,4.339456342559284,4.3397961566425645,4.341798892129144,4.411439845821569,4.107974049778094,4.159002159825996,4.447535583629827,4.922945998868081,0.64501953125,0.72119140625,2.185546875,2.1640625,3.232421875,0.4874485906586727,0.49483616328555063,5.50434055893928,2.463159761860048,0.4474940704495061,0.0698839676602292,0.027936499159379877,0.19207065058004158,0.06808232169513768,0.9351021963508597,0.33448600363727443,0.9449172190515611,0.33671595952243766,5.455504556570077,2.4408123269156112,0.44740359055811535,0.08768923962662445,0.03502301626461166,0.17088463256656805,0.06022816195992788,0.9194740906736545,0.32621747603521434,0.921049097318658,0.32654187873248486,30,7,3.416015625,12.4296875,3.404995608111097,3.405346879314842,3.4066051404559987,3.48025718217695,3.149089268605146,3.2023473710686052,3.3808598265567094,4.008312883578499,0.72509765625,0.78466796875,2.171875,2.142578125,0.5736000458345905,0.5172002510690599,2.4677732002356483,0.4483322159687015,0.06845889505712233,0.04330938902739505,0.19217066698269392,0.10112553231051061,0.9351022988557895,0.4987733144334676,0.9457369908795084,0.5016004500627451,5.455504556570077,2.4441444417337896,0.44801437087799717,0.08656367244833163,0.055028576918577134,0.17122456620676907,0.08980646407331119,0.9194741945627376,0.48703551619193375,0.9214973582637693,0.48758464502420285
31,test,,1.1593431234359741,68.3125,68.3125,1.169921875,3.294921875,3.658203125,63,7,4.375,12.234375,4.367461676856053,4.367801360221436,4.369789285650297,4.439379277736934,4.10653741014934,4.15756708938535,4.445129841615879,4.921549623241373,0.642578125,0.71923828125,2.212890625,2.115234375,3.244140625,0.4904219880299742,0.49914895071491483,5.50434055893928,2.4617089891792068,0.4472305016050085,0.06908381529906915,0.027117954282091693,0.18951326824536796,0.06609803419688749,0.935102196121421,0.3290712456492194,0.9449273122404778,0.3312889645671443,5.465817738960817,2.441719352478308,0.4467253518304357,0.06672308817783623,0.02592295323642565,0.17709880039469272,0.06168055735272338,0.921536406236509,0.3232501041383622,0.9397947635565442,0.3274596468285067,41,8,3.44140625,12.4296875,3.4370284196825027,3.437379343842661,3.4386254022416622,3.5121845630377218,3.3365861544873185,3.389405536918522,3.571376659736102,4.18711680991156,0.72314453125,0.78271484375,2.197265625,2.080078125,0.5867071289685193,0.5251552515100096,2.4669940187792876,0.44819065832923183,0.06773517201522417,0.041955117778094096,0.18895492683221615,0.09769700257590981,0.9351023018736662,0.4899472382930226,0.9457369938973876,0.4927735301982317,5.465817738960817,2.4458380693074604,0.44747889265924784,0.06541326762890787,0.03997396742546313,0.17748434577685757,0.09178377671637622,0.9215365155530826,0.48163681012882115,0.9406460382663573,0.4867627689861287
32,test,,1.1661258935928345,68.0625,68.3125,1.16015625,3.279296875,3.658203125,67,8,4.44140625,12.234375,4.438221488521197,4.438560164991022,4.440564635812225,4.5098675545540265,4.146703840590458,4.197640060306542,4.483670373714764,4.959861438094689,0.63671875,0.71484375,2.134765625,2.12109375,3.34375,0.4892526483785319,0.4971613064602541,5.50434055893928,2.4590926332524354,0.4467551756511079,0.06783613221474649,0.025849354122911648,0.19200419012990633,0.0652207816064312,0.9349603082696749,0.32036771866488,0.9451679922376641,0.32268953413042384,5.465776565837886,2.4388851458231793,0.4462101800989565,0.06836049131601385,0.02631701601230419,0.1837387426735395,0.06250246842326751,0.9311432974665887,0.31836380327775954,0.9304272462735748,0.31805213500465207,41,8,3.529296875,12.4296875,3.5283741332213605,3.528723903077526,3.5299927703507277,3.6032034266937947,3.401731997849827,3.4543991360125204,3.6423344974985286,4.249245656655433,0.71630859375,0.77734375,2.099609375,2.087890625,0.5835860627769505,0.5221342612686432,2.467050826626249,0.4482009788837748,0.06758733130323424,0.03981184147684581,0.1904579085267475,0.09441261805342833,0.9351022838586323,0.4694809073530707,0.9457369758823502,0.4722984603668271,5.465776565837886,2.4455853756517167,0.4474360314940566,0.06720169182785707,0.04004362499794155,0.18182986682104474,0.08999971840926102,0.9312886225856047,0.4643876860195137,0.9315491114824441,0.4643752365866019
33,test,,1.1682636737823486,67.125,67.375,1.1513671875,3.283203125,3.658203125,61,7,4.4296875,12.234375,4.4185363887302636,4.418875337387097,4.4208896558825845,4.490257168470618,4.210903301295047,4.261691742517263,4.560011284650872,5.021120567129205,0.63818359375,0.7158203125,2.1796875,2.205078125,3.32421875,0.4853065854500305,0.4975852152559433,5.50434055893928,2.45532302790334,0.44607033333280816,0.06862815578835946,0.026309340072513204,0.1911573763286487,0.06528302160888497,0.935102179769566,0.3221580561055227,0.9455266085494358,0.32456031048340606,5.461145189531221,2.443757734665433,0.44748082130283057,0.08158853210965411,0.03139287343741056,0.170503402523563,0.0585130030991517,0.9311745670668197,0.32133350445133013,0.9213932250263577,0.31901471956088745,38,7,3.5234375,12.4296875,3.5170794278503985,3.517429357529078,3.5187136200641205,3.591952610405013,3.306728863976926,3.359618551144513,3.5462751706079207,4.158650875940145,0.71630859375,0.77783203125,2.15234375,2.1875,0.5819841635498247,0.5194017587008186,2.464565398213886,0.44774943916057824,0.06697274816758636,0.03949026851021928,0.19041471536752663,0.0944726287025534,0.9351022883100875,0.46989107670132907,0.9457369803338089,0.47270889794003795,5.461145189531221,2.452004130550636,0.4489908335070494,0.08014935995054806,0.04718799524953743,0.1680686004452392,0.0834708186938351,0.9311746789816135,0.466192092322562,0.9215768029801241,0.4636146688936867
34,test,,1.176687240600586,67.375,68.0625,1.1416015625,3.33984375,3.658203125,55,8,4.34765625,12.234375,4.340413992339366,4.34075393425548,4.342748521782603,4.412415700449452,4.11705696428309,4.168062244917514,4.447656788616255,4.931584220728107,0.64453125,0.720703125,2.3046875,2.244140625,3.228515625,0.4928066079153827,0.49898925355445484,5.50434055893928,2.4604175900202954,0.4469958869140962,0.06928959412402058,0.027526050050942618,0.19959662379666732,0.07035826749065466,0.9349555366476947,0.33256495374855727,0.9455266618860785,0.33505766977515034,5.457201230183583,2.4493525455709655,0.44882943513676665,0.081886683925112,0.032539343908871594,0.17856184663459373,0.062990993425759,0.9146744473606088,0.32549631318845396,0.9370948820553249,0.33081955397290097,36,8,3.42578125,12.4296875,3.4275553814866706,3.427906395664372,3.4291666898245943,3.502740407152106,3.2442661372352486,3.297303636948636,3.4802157637847637,4.099107984835306,0.724609375,0.78369140625,2.53515625,2.25,0.5847419422194772,0.5205307137932853,2.4643433247628943,0.44770909400958075,0.06964598198178784,0.043509300374706655,0.20071669353214983,0.10452150556364123,0.9351023019360527,0.4935032725963992,0.9457369939597733,0.49633011639631547,5.457201230183583,2.455494229055217,0.44995486248041705,0.08115416425571009,0.05133115497976139,0.1798599590806571,0.09470456426338898,0.9146745526672646,0.48794608799751077,0.937229569519884,0.4940340189410492
35,test,,1.1803942918777466,67.375,67.8125,1.1318359375,3.234375,3.658203125,63,9,4.42578125,12.234375,4.418176260416802,4.4185150312843495,4.420493096749198,4.489867552246119,4.1542992453386685,4.205215028568484,4.486848047439893,4.967065762100992,0.63818359375,0.7158203125,2.212890625,2.1953125,3.326171875,0.49922713202930263,0.5052441308968636,5.50434055893928,2.4578923373044272,0.44653711211830943,0.06805148873310252,0.026228918219421603,0.19666667203679022,0.06748691455142261,0.935102170750091,0.3237180638633414,0.9455812609813483,0.32614503953434965,5.456806473896405,2.4369186343321463,0.4465832984896158,0.07536385054358163,0.029060809640249045,0.1939018106562811,0.06672871682856786,0.921450958831338,0.31864127754953026,0.918870592443219,0.3170835629037643,43,9,3.50390625,12.4296875,3.4916451509347177,3.4919953019168126,3.4932388595286916,3.566591950969979,3.40849732203729,3.461146987266739,3.6445587017155927,4.255672755950435,0.71826171875,0.77880859375,2.185546875,2.1640625,0.5881345692526786,0.5244573089482363,2.4668273636356184,0.4481603812884338,0.06791552805597334,0.040611230261952735,0.19583065177086212,0.09831065417857722,0.9351022807745917,0.4755296302593584,0.9457369727983114,0.4783507529176737,5.456806473896405,2.4421225120606147,0.4475369474330706,0.07467560133579365,0.04463549729048277,0.19244441341948537,0.096924118715489,0.9214510736560664,0.46738420810132886,0.9191753168847958,0.4647991615795463
36,test,,1.2662800550460815,69.1875,69.1875,1.123046875,3.310546875,3.658203125,58,9,4.36328125,12.234375,4.349418106377396,4.349757658995518,4.351743606011317,4.421342590476889,4.037072468034775,4.088265031317923,4.368376421061867,4.85531013349662,0.6435546875,0.7197265625,2.275390625,2.236328125,3.232421875,0.4791107106017113,0.48777776428010977,5.50434055893928,2.4612524063972634,0.4471475520169417,0.07078765509823537,0.02792125581416444,0.19357263607153286,0.06780402077544577,0.9349603147924279,0.33044817511749514,0.9456114701622784,0.3329611778562166,5.452413844520314,2.436982807374048,0.4469548491487344,0.07472603512397402,0.02955403198019206,0.18608686563774768,0.06474349082735027,0.9301536908333299,0.32610087182399794,0.9048184337785417,0.318700245601416,44,9,3.435546875,12.4296875,3.432623231365043,3.4329740453742685,3.434228040135085,3.5077676101781052,3.356796674213758,3.409568909283909,3.5946904009825773,4.206393233355401,0.7236328125,0.783203125,2.271484375,2.224609375,0.5813474432054522,0.5199849499569358,2.4632261013065784,0.44750612265554607,0.06962937399530045,0.043514667491111096,0.19211455974395886,0.10007219553869413,0.9351022894597154,0.4936541379603759,0.9457369814834351,0.49648099888642727,5.452413844520314,2.4389991879214437,0.44732466343739524,0.07446380131097374,0.046739969803049376,0.1848200008599834,0.0953214549990827,0.9301538101812081,0.4852018146830029,0.9048765399257812,0.47530399776364496
37,test,,1.2658833265304565,69.1875,69.1875,1.11328125,3.291015625,3.658203125,49,9,4.4140625,12.234375,4.400003171415045,4.400341772025902,4.40231745759858,4.471695627963689,4.206785119769133,4.257576733208971,4.545261893913539,5.017098709390747,0.63916015625,0.71630859375,2.251953125,2.189453125,3.294921875,0.46912730242428996,0.4883972618437895,5.50434055893928,2.478012387174992,0.4501924182635459,0.07078163574534546,0.027549285352268478,0.2004651116592422,0.06939157655456243,0.9349541378390036,0.32652080273925893,0.9456348986451122,0.329028898802712,5.459432472867245,2.462839276223444,0.4511163547609524,0.07982336375626176,0.03096682528282018,0.1965164338817198,0.06779348535070569,0.9232283277805431,0.3228552624070848,0.9217072180963957,0.3224942470618399,35,9,3.5,12.4296875,3.4981279295241414,3.498477683091614,3.49972277457063,3.573000147677868,3.3944786437646934,3.447163142385166,3.632443800764656,4.242334341498266,0.71875,0.779296875,2.23046875,2.16015625,0.5715554442343234,0.5152672922316498,2.485295047765442,0.4515154942092416,0.07026006101932758,0.042493771133567323,0.1990547859373013,0.10088714351979729,0.9351022572053935,0.4801477270104591,0.945736949229115,0.4829710175822862,5.459432472867245,2.4666169930761206,0.4518083162187507,0.07886489552364573,0.04744365566280742,0.19524324383137337,0.09844210545335952,0.9233635478231337,0.4749438438173717,0.9218479865313416,0.4745342178479648
38,test,,1.2912991046905518,66.875,67.5625,1.1044921875,3.291015625,3.658203125,59,8,4.46875,12.234375,4.456191290358323,4.456529223470078,4.45849381095152,4.527687790634776,4.122316270675177,4.173305391701506,4.4530514061654705,4.936543504767936,0.634765625,0.712890625,2.330078125,2.251953125,3.359375,0.5002879877335389,0.5028993796959054,5.50434055893928,2.4751975437091067,0.44968103212459887,0.07450336549045034,0.028316317954882275,0.20126884320782157,0.06820974267216032,0.9351021145073428,0.3196689134275618,0.9454912604559773,0.322049672910749,5.458575413232392,2.4459845334244266,0.4480994303925891,0.08442695995928062,0.03176796766803103,0.18457397228683092,0.06253914000513919,0.9254342711621728,0.31531723469534256,0.9351872481748682,0.31756374319319497,41,8,3.548828125,12.4296875,3.5411881982951465,3.5415375489868772,3.542757015218697,3.6159277548593725,3.3669791590104916,3.419724253504716,3.597809430522242,4.216054409206294,0.71484375,0.7763671875,2.314453125,2.216796875,0.5961654781174593,0.5298822724651583,2.4857019771284956,0.45158942302209326,0.0753509606449354,0.04443070367486337,0.2007511468271055,0.09960142977136778,0.9351022529632971,0.4698933040992043,0.9457369449870168,0.47271112689011235,5.458575413232392,2.452071947912702,0.44921463244210535,0.08551524651872366,0.04925644645098263,0.1853991249467022,0.09133657540793187,0.925434404149815,0.4596282853027844,0.9353839970920692,0.4622854483796077
39,test,,1.1968038082122803,71.0625,71.3125,1.095703125,3.326171875,3.658203125,82,10,4.69921875,12.234375,4.693683725178952,4.694018430117679,4.695996139853894,4.7642897828046085,4.3481710722268865,4.398629491598219,4.693434557758075,5.151895229446681,0.6162109375,0.6982421875,2.279296875,2.224609375,3.615234375,0.5222935446591369,0.5136671277015542,5.50434055893928,2.4825369188648585,0.4510144116779102,0.07486767604336553,0.026420043066825237,0.19768545542770966,0.06269023252535547,0.9351020384275701,0.2989594823045664,0.9448088442198754,0.30103929250887135,5.460072626599189,2.453767143259128,0.44940192394244016,0.08419558059558963,0.029599087775252372,0.19213969215312243,0.060822794603333064,0.9181566460836752,0.2923291668417861,0.9207633176752088,0.2917533660708943,63,10,3.78515625,12.4296875,3.774386763808403,3.774733058844495,3.7759882021857174,3.848273440875868,3.548792236992357,3.601112434210187,3.786805644187811,4.389446249519969,0.69580078125,0.76123046875,2.240234375,2.177734375,0.599455804023679,0.5315795770543635,2.486495871659394,0.4517336536565167,0.07432677334333349,0.03863155263573315,0.19798352074536307,0.08824308040686422,0.9351022005258516,0.4215777471962432,0.9457368925495739,0.42433776103530685,5.460072626599189,2.458266870040988,0.45022603876463857,0.08479666546330922,0.0437316667644007,0.19192439483752288,0.08516736060568063,0.9181567951501144,0.4107494886234191,0.921384732669229,0.4094217473160175
40,test,,1.2458021640777588,67.8125,68.0625,1.0859375,3.2890625,3.658203125,82,9,4.76171875,12.234375,4.744378427194593,4.744711739216096,4.746683456843125,4.814682703064481,4.265469342883265,4.316120109361211,4.597361435790411,5.073010621771395,0.61083984375,0.6943359375,2.443359375,2.2890625,3.68359375,0.48076947992962726,0.4957167047869704,5.50434055893928,2.497559797303132,0.45374369019500255,0.08317552749026724,0.02872294935919581,0.1969330825090685,0.06124664092713494,0.9351019560947815,0.2931449278655272,0.944771639424884,0.2951921434911579,5.475446723784518,2.4948728585383426,0.4556473625614855,0.09315676747019985,0.032438601333359615,0.190131489843945,0.059397985310112644,0.9368080440260522,0.2945924842021522,0.9435389761515305,0.29601772638041773,57,9,3.857421875,12.4296875,3.8445713419097447,3.8449161828063136,3.846169788015651,3.9181157119015784,3.535851354958632,3.5882026086920025,3.7736097429458986,4.377116610403439,0.689453125,0.75634765625,2.453125,2.26171875,0.5743282240672182,0.5178908752787824,2.4941525764776222,0.4531246840145118,0.08104935135308722,0.040724436027761025,0.19524605656114602,0.0845289251480049,0.9351021392788272,0.40936053164109215,0.9457368313025487,0.4120975462011431,5.475446723784518,2.4900578969093132,0.4547679892661316,0.09063892208174273,0.04566500507676569,0.1883852198188789,0.08140916809491584,0.9368082167723228,0.4085349174584802,0.9442356196616108,0.4104445075926779
41,test,,1.3008612394332886,69.0,69.1875,1.0771484375,3.30859375,3.658203125,95,9,4.99609375,12.234375,4.978493580964755,4.978823742236175,4.980763275547862,5.04791963896272,4.369760480485598,4.4201579690853094,4.693037730498997,5.1723310214469755,0.591796875,0.67919921875,2.49609375,2.484375,3.95703125,0.5030617762769101,0.5055310133446276,5.50434055893928,2.527657695525476,0.45921171999803934,0.09821250972385442,0.03184469203478392,0.21057651227970364,0.0618663398698782,0.9351018611794508,0.2768031928960453,0.9452712571887698,0.2789353825771214,5.461880247347258,2.503586823917902,0.45837453597300154,0.10327900849464555,0.03319239517190828,0.19523388394780206,0.05712027697212133,0.9308064175580553,0.2732923267807188,0.9289545915412223,0.27287243023634006,84,9,4.12109375,12.4296875,4.103370979327874,4.1037126516155125,4.104939018579656,4.175999262990174,3.7156938180619115,3.7676160016128533,3.949786450763349,4.548500263845498,0.66845703125,0.73974609375,2.478515625,2.455078125,0.6052944946944945,0.5318083993921249,2.5326034023090385,0.46011023031559783,0.09977577098035084,0.044974695516619,0.20869090687604075,0.08222293168552713,0.9351020586664651,0.3721655748172285,0.9457367506901884,0.37481171552518433,5.461880247347258,2.5008999123600297,0.45788259703692225,0.10155182758604653,0.04528932601616453,0.19380683033526847,0.07604120945463078,0.9308066321071848,0.3669411397449182,0.9292612203910755,0.3665552263133815
42,test,,1.1799920797348022,68.75,69.9375,1.068359375,3.251953125,3.658203125,97,8,5.0,12.234375,4.976844728355263,4.977174002655207,4.9791157415499,5.046130611463567,4.40971790490389,4.460026569504963,4.7480645668369155,5.210504794759601,0.59130859375,0.67919921875,2.55078125,2.44140625,3.96484375,0.46685449970499243,0.4881062857796907,5.50434055893928,2.5630806819718917,0.4656471841680183,0.11884388396092405,0.03898313267817875,0.22788070847693387,0.06765609397605013,0.9351017942454138,0.27974382937949754,0.9452020829583105,0.28186866449961423,5.497616079982372,2.511309553296309,0.4567997322403716,0.11662839699840077,0.03753405092642392,0.22332340145212992,0.06495740063481271,0.9441362250437448,0.276724841893633,0.9514016805413172,0.2782124296431471,76,8,4.12890625,12.4296875,4.106500128267435,4.10684087766161,4.108078314962642,4.178973949739577,3.7263063925307396,3.778204127226919,3.9632600227734884,4.558626882488507,0.66796875,0.73974609375,2.53125,2.4140625,0.5916606386695925,0.523006858064462,2.563712031789268,0.46576188452324085,0.11905936863825861,0.054363918889675324,0.22643184265858896,0.09022383117077183,0.9351019910189109,0.3764267577553948,0.9457366830426306,0.37908490260118294,5.497616079982372,2.5094238631453276,0.4564567308151089,0.11656002623937667,0.05202739736128729,0.22151367815979128,0.08615564284142106,0.9441364403623655,0.3709897136659847,0.9520083717539354,0.37292937035453627
43,test,,1.1557692289352417,70.375,70.375,1.0595703125,3.296875,3.658203125,88,9,4.97265625,12.234375,4.956807299009454,4.957137375103707,4.959098312713044,5.0262527574369615,4.413443297828262,4.463743430028827,4.7517565745346895,5.214060593865808,0.59326171875,0.6806640625,2.515625,2.41015625,3.935546875,0.47339133993633165,0.4914895185368566,5.50434055893928,2.567151146193212,0.46638668496338787,0.11557934649067914,0.03822099312317998,0.2286404813295455,0.06838154188190723,0.9351018644754543,0.281819707219319,0.944516608742088,0.283747679003802,5.487368178049601,2.5530828155779046,0.46526544834200606,0.11630945722337493,0.03813937960761947,0.2120908379240678,0.06314862756522344,0.9375701876788289,0.2806940512925729,0.945834657179196,0.2823866784960129,75,9,4.09375,12.4296875,4.080498509868054,4.08084000927087,4.082096892977453,4.153134303915758,3.7259930589415444,3.7778915583006305,3.964034652759869,4.558328747558128,0.6708984375,0.74169921875,2.490234375,2.376953125,0.5913339653314171,0.5226363520490147,2.56665499799547,0.46629654733610454,0.11721010249918518,0.05445137741100142,0.22811746867162608,0.09227349685078508,0.9351020581655485,0.38219307476946035,0.9457367501892664,0.38486680681138374,5.487368178049601,2.5525479919940564,0.46516798384418223,0.11587424777397626,0.0534132171814308,0.21117334268528332,0.08520548262160886,0.93770806574733,0.3811838961162303,0.946953476143876,0.38350089347388017
44,test,,1.1736794710159302,68.75,69.0,1.05078125,3.287109375,3.658203125,85,10,4.890625,12.234375,4.869869065257014,4.870200530949801,4.872160854925679,4.9396743200580575,4.385555559442498,4.435922979849843,4.725717886504239,5.187495180696223,0.60009765625,0.68603515625,2.5078125,2.44140625,3.853515625,0.48377701714985066,0.4979520801568818,5.50434055893928,2.555489331311601,0.46426802701394976,0.1169943420933901,0.03961663195872081,0.21704346117866358,0.06631764238620583,0.934955239071944,0.28792019269323765,0.9450294525743592,0.29007257799667086,5.470098732974622,2.540164595981115,0.4643727142745341,0.10548324291388056,0.035567736240263534,0.22051710216851284,0.06702863116044376,0.945600919040003,0.2879706352133268,0.9260765830128665,0.2836266310859254,65,10,4.01171875,12.4296875,4.001023246285266,4.001365920329668,4.002621326539613,4.073972182673035,3.5906023319273217,3.6428195624274347,3.825232374449392,4.429243006534616,0.67724609375,0.7470703125,2.482421875,2.4140625,0.5994371268493598,0.5246536860525814,2.5586302223742936,0.4648386477866038,0.1163485651776126,0.05604741787720333,0.21649594167648978,0.09037537763972367,0.9351020973908222,0.39455697854968425,0.9457367894145436,0.39726158752806645,5.470098732974622,2.539755757666323,0.4642979737013288,0.10574909156619938,0.05069872188534838,0.22069535825177145,0.09157379523540715,0.945601111645856,0.39337685049612436,0.9270554123516828,0.38866027647312545
45,test,,1.2573741674423218,70.375,71.0625,1.0419921875,3.2578125,3.658203125,87,10,4.85546875,12.234375,4.828051246160236,4.8283833771507085,4.830342848217389,4.898027551180642,4.284067283455406,4.334670426269713,4.605858551043893,5.090686172037625,0.60302734375,0.6884765625,2.548828125,2.470703125,3.802734375,0.4769926447746308,0.5005584907875982,5.50434055893928,2.5539089333617273,0.4639809085239234,0.1172341962204495,0.04006092427548256,0.21984582818697085,0.0677277777407165,0.9351019181836273,0.29035854608255746,0.945438516294062,0.2926019397912357,5.446568795964243,2.5342573456828745,0.4652942872144917,0.10853261690929905,0.037308594261393865,0.21558205944801045,0.06651547907184567,0.9163377463972076,0.28521927780018586,0.9145592807341609,0.28480382352066497,72,10,3.97265625,12.4296875,3.9622858427878005,3.9626290546937435,3.9638646572571847,4.035379376968987,3.574442157165109,3.626696666539403,3.805596999257185,4.413823802366297,0.6806640625,0.74951171875,2.53515625,2.447265625,0.5964018857675847,0.5233113482067748,2.55437333897095,0.464065279322614,0.11903110222243107,0.05797861429588306,0.21891136155298607,0.09226483795804177,0.9351020819318823,0.39840278193577694,0.945736773955602,0.40111628775719477,5.446568795964243,2.5330895518278056,0.4650798781252437,0.11021592824879445,0.05419785448632641,0.2142312240026687,0.09056050007603073,0.916483129905596,0.3921149634731978,0.9149251605202995,0.3917094933130325
46,test,,1.2111892700195312,70.375,71.5,1.033203125,3.2734375,3.658203125,86,10,4.80078125,12.234375,4.778236490052274,4.7785693921249575,4.780535195723325,4.848416083703791,4.323557545648116,4.374074628423338,4.666832723603071,5.128438646891434,0.607421875,0.69189453125,2.529296875,2.443359375,3.75,0.47201640238520154,0.494667796485503,5.50434055893928,2.5585965392639123,0.46483252841407935,0.12353133650447745,0.0431623125766104,0.2288626177569233,0.0719322257318014,0.9351019745375861,0.2962813410645817,0.9454421218788394,0.2985515728967251,5.471710827935995,2.5396505939646206,0.46414196104778654,0.11688524810073986,0.04064784025907049,0.22271730071324836,0.06963541108308573,0.9410176089601059,0.2949123273174227,0.9234215157185615,0.2909484093329146,63,10,3.908203125,12.4296875,3.884776380153829,3.885120766979953,3.8863694147441636,3.9581802114302276,3.640716584690797,3.6928185548796013,3.878449182050659,4.477063272664284,0.685546875,0.75341796875,2.501953125,2.41015625,0.594721619919486,0.52230273672157,2.558184337140303,0.46475764167347977,0.12400088742168425,0.06273878328448369,0.22894959190316477,0.09971294508936776,0.9351021379711328,0.4118352931360083,0.9457368299948508,0.41457723998551516,5.471710827935995,2.5356090853358455,0.4634033422216342,0.1180770662293682,0.05961481174909843,0.22364260752541387,0.09709062111664066,0.9410177911970115,0.4098604990653117,0.9240117827231806,0.40545673457362474
47,test,,1.2928931713104248,69.6875,69.9375,1.025390625,3.228515625,3.658203125,81,8,4.67578125,12.234375,4.662413738474626,4.662749104401248,4.664747256703923,4.733170762612331,4.27029988704388,4.320941694194754,4.60231157121172,5.077650988205753,0.61767578125,0.69970703125,3.119140625,2.796875,3.591796875,0.47691277618801536,0.49821347099055185,5.50434055893928,2.552986405525111,0.4638133084587134,0.11769998128849135,0.042768732857868245,0.23187852013886712,0.07549028527359039,0.9349554246959375,0.30693321737472773,0.94571363165148,0.30938485886101824,5.45940745486474,2.522956354572125,0.46213007097024467,0.11340442435912657,0.041089077172875264,0.2306516782458523,0.0742257292932754,0.9310066984383409,0.3028427309472127,0.9296606949904787,0.30252703538558995,55,8,3.775390625,12.4296875,3.772082289829507,3.7724288473782024,3.773708328426349,3.8460115682956,3.503637442944581,3.556062144416819,3.741631503181324,4.346368625199063,0.6962890625,0.76171875,3.283203125,2.853515625,0.6056308660031812,0.5241157358185158,2.5572980760601807,0.4645966303641989,0.11923779971349724,0.06432234410732111,0.23345735036163706,0.10741682620602828,0.9351022358506293,0.4353637946274788,0.9457369278743482,0.4381456967334776,5.45940745486474,2.5219385458054604,0.4619436388757217,0.11161579673570898,0.059977914518289245,0.229402726961208,0.103876464187885,0.9310068483142091,0.42800817127159824,0.9297656889732062,0.4276816101899385
48,test,,1.289638876914978,68.5,69.0,1.0166015625,3.298828125,3.658203125,63,9,4.51953125,12.234375,4.512080283590276,4.5124175723694435,4.51439349847426,4.58338343565312,4.103622701879656,4.154655628136006,4.4355967492081465,4.918717602244059,0.63037109375,0.7099609375,2.708984375,2.556640625,3.396484375,0.5037747382646419,0.5083852185243766,5.50434055893928,2.5416203189441298,0.4617483768907489,0.10047591541099443,0.038520941095389304,0.22152475984016462,0.07565815956142141,0.9351021360616381,0.322176236373339,0.9456714126509302,0.32462828264445204,5.462316018115175,2.512343298268762,0.4599410378192785,0.09857243881480748,0.037548378476579755,0.21244784690287055,0.07204119380742204,0.9185821384721296,0.31461662016673786,0.9306129060555364,0.31742919902448874,50,9,3.580078125,12.4296875,3.575181263713962,3.5755302270434117,3.5767742476237143,3.6498056730567194,3.4668882157784005,3.519400097555119,3.7029206080294266,4.31134013152513,0.7119140625,0.77392578125,2.71875,2.55078125,0.6016784883904686,0.5247922392407459,2.5494985775283188,0.46317965798606453,0.10456002145530086,0.06289751390676335,0.22216318860335615,0.1120897811908443,0.9351022735069785,0.47794713589458243,0.9457369655306982,0.4807694536120261,5.462316018115175,2.5145663331918247,0.4603480144415922,0.1000358515308184,0.05945057853979936,0.2157455703867912,0.10752664689341528,0.9185822870280189,0.46459961649177917,0.9306130546114257,0.46783777542159105
49,test,,1.2885465621948242,68.75,68.5,1.0087890625,3.28515625,3.658203125,68,8,4.5546875,12.234375,4.546839979441686,4.54717655616617,4.549129061881593,4.617969273808471,4.217855393554978,4.268616716775317,4.54337816166667,5.027591119821727,0.62744140625,0.70751953125,2.5703125,2.46875,3.458984375,0.4854903708093099,0.5014371292342005,5.50434055893928,2.5521619780383586,0.46366353075547634,0.11929163384385166,0.04515775602179449,0.2498941906140768,0.08438698663156038,0.9351021115949365,0.31851974725264276,0.9455619952136995,0.3209201349940573,5.456739284266398,2.5323137125376283,0.4640708636821141,0.11944437998654056,0.04551587886530426,0.24496913000741483,0.08277087258944403,0.9377421417323903,0.31841143121397664,0.921678585048304,0.3146485079004543,49,8,3.623046875,12.4296875,3.6149668901606566,3.6153152109453908,3.6165368207962705,3.6894210689373756,3.44285390531036,3.4954179256272866,3.674447253477681,4.288360296297848,0.70849609375,0.771484375,2.546875,2.439453125,0.6011032423118385,0.525848696621813,2.5598832774159033,0.4650662963174663,0.1194257198147195,0.07022144936537576,0.255210083570649,0.12632128100887363,0.9351022522203589,0.468767220284929,0.9457369442440786,0.4715842975843886,5.456739284266398,2.5365504364344944,0.4648472841185975,0.11979640222095167,0.07068424959302333,0.24787295089463424,0.12209404404429391,0.9377422920189176,0.4652331640675871,0.9219103226631873,0.46099955033931767
50,test,,1.2965553998947144,70.375,70.625,1.0,3.3046875,3.658203125,64,8,4.51953125,12.234375,4.516050534391611,4.516387556927266,4.518354264395013,4.5873024719944935,4.203560451242116,4.254360695593787,4.547225375370881,5.014039543108449,0.63037109375,0.7099609375,2.607421875,2.525390625,3.41015625,0.4924354733530737,0.5038535279997644,5.50434055893928,2.5538176251460065,0.46396432012159927,0.1101461577147953,0.04235727718920976,0.23969261609639947,0.0820856455240781,0.9349700825988512,0.32301419821355654,0.9455849212314114,0.3254855604408994,5.464647944463988,2.5362531294166804,0.46412013275000724,0.10273879533877661,0.039327797806102134,0.21695995371239363,0.07405683699439773,0.9201974775266928,0.31805010706507564,0.9328374701662829,0.3209959699806938,43,8,3.59375,12.4296875,3.587571429460243,3.587920119030326,3.5891608245660023,3.6621290376340068,3.3905063552945225,3.443197191261619,3.62658822647977,4.238503140083104,0.7109375,0.7734375,2.60546875,2.517578125,0.599442929707845,0.5231639462814865,2.5615429438592674,0.46536781589562337,0.11311964390651408,0.06814179443034507,0.24448636814446978,0.12349751845732067,0.9351022583234059,0.4785156745944618,0.9457369503471238,0.4813382541889718,5.464647944463988,2.53649320171796,0.46416406463797505,0.10249197152940237,0.06057128479028469,0.21985438654949796,0.10941520471380516,0.9201976165454209,0.4664035447241299,0.9330229612771932,0.4698498100233189
