epoch,phase,messages,loss,accuracy,accuracy_nn,temperature,length,length_nn,lexicon_size,actual_vocab_size,entropy_msg,entropy_max,entropy_msg_mc_ml,entropy_msg_mc_perks,entropy_msg_mc_james-stein,entropy_msg_mc_minimax,entropy_msg_1_ml,entropy_msg_1_perks,entropy_msg_1_james-stein,entropy_msg_1_minimax,redundancy,kld_train_test,kld_test_train,mutual_info_sent_received,topsim,topsim_norm_max,entropy_target,mutual_info_msg_target,proficiency_msg_target,mutual_info_msg_target_shape,proficiency_msg_target_shape,mutual_info_msg_target_color,proficiency_msg_target_color,mutual_info_msg_target_x,proficiency_msg_target_x,mutual_info_msg_target_y,proficiency_msg_target_y,entropy_selected,mutual_info_msg_selected,proficiency_msg_selected,mutual_info_msg_selected_shape,proficiency_msg_selected_shape,mutual_info_msg_selected_color,proficiency_msg_selected_color,mutual_info_msg_selected_x,proficiency_msg_selected_x,mutual_info_msg_selected_y,proficiency_msg_selected_y,lexicon_size_nn,actual_vocab_size_nn,entropy_msg_nn,entropy_max_nn,entropy_msg_mc_ml_nn,entropy_msg_mc_perks_nn,entropy_msg_mc_james-stein_nn,entropy_msg_mc_minimax_nn,entropy_msg_1_ml_nn,entropy_msg_1_perks_nn,entropy_msg_1_james-stein_nn,entropy_msg_1_minimax_nn,redundancy_nn,kld_train_test_nn,kld_test_train_nn,topsim_nn,topsim_norm_max_nn,mutual_info_msg_target_nn,proficiency_msg_target_nn,mutual_info_msg_target_shape_nn,proficiency_msg_target_shape_nn,mutual_info_msg_target_color_nn,proficiency_msg_target_color_nn,mutual_info_msg_target_x_nn,proficiency_msg_target_x_nn,mutual_info_msg_target_y_nn,proficiency_msg_target_y_nn,entropy_selected_nn,mutual_info_msg_selected_nn,proficiency_msg_selected_nn,mutual_info_msg_selected_shape_nn,proficiency_msg_selected_shape_nn,mutual_info_msg_selected_color_nn,proficiency_msg_selected_color_nn,mutual_info_msg_selected_x_nn,proficiency_msg_selected_x_nn,mutual_info_msg_selected_y_nn,proficiency_msg_selected_y_nn
1,train,received,1.1927990913391113,34.59375,35.40625,1.5,1.8662109375,2.076171875,91,10,3.421875,4.16796875,3.420955893845563,3.4209701728647763,3.420999489331317,3.429601101163372,3.403037738626607,3.4036163198513893,3.4047845723627588,3.457575415135195,0.1790771484375,,,3.4140625,0.4322268684663795,0.49275963643882736,7.162105003080282,0.850312246519147,0.11872378946600814,0.02906346183128683,0.006121863471905793,0.03161975802852979,0.006135390130997151,0.33155860057625475,0.0928981854665023,0.5445476832897596,0.15255340094244546,6.90949792083539,0.5293862170975436,0.07661717582998251,0.04636438653271657,0.009210168601429392,0.06659268709913846,0.01240320668006579,0.28381325141404723,0.07405972438618684,0.24113400437416654,0.06482175629517974,91,10,3.5234375,4.55078125,3.5194129743834446,3.519425959247609,3.519455068525638,3.527277617542368,3.5160148397866022,3.5165368002179727,3.5177013900607084,3.5653557261870246,0.225341796875,,,0.6033261401714493,0.6286118026425428,0.9718968955346843,0.1356998948097927,0.03051658792450418,0.006459306916413115,0.034522188803403964,0.006728661119652611,0.3722930391891843,0.10498946650193036,0.6293745777464528,0.17746334324631155,6.90949792083539,0.5952913096800909,0.08615550890970056,0.05054283495145473,0.00995924370491467,0.07567923413691169,0.013988991416764863,0.3172231667912335,0.08190326083104807,0.26905690040779984,0.07154097936203545
2,train,received,0.7803252935409546,49.28125,50.4375,1.4951171875,1.8095703125,2.005859375,5,3,1.931640625,3.994140625,1.9310585923203119,1.9311125909274032,1.9311672333716334,1.9540153684699355,1.9396080178518003,1.9415506836184857,1.9434739886898968,2.0621642537770684,0.51611328125,,,1.23046875,0.4365218537098664,0.505965075762818,7.162105003080282,1.3634382776022622,0.1903683731271566,0.0010881212745950108,0.00039623824162532677,0.001262274267411101,0.00040042836554490726,0.4802694584370686,0.30635173486665646,0.8710262353609135,0.5554281089259147,7.035667579485816,1.2469536988285008,0.17723317435637448,0.01095379142256192,0.0038995676051654963,0.012696830110342283,0.0039903825183264085,0.4509407506753478,0.2761451629824752,0.7663758834170942,0.4739457096451658,3,3,1.51171875,4.19140625,1.5110691397963634,1.5111253791099744,1.5111641087965917,1.5350954648190112,1.5084400354180698,1.5104603061457436,1.511798312899116,1.6375596335875429,0.63916015625,,,0.6063380855861257,0.6322511337754896,1.5039300437877052,0.20998436118164898,0.0009271261057968161,0.0004251463437924723,0.0010537512376673774,0.0004073408024242722,0.5005227891533757,0.4993744358431884,0.9943586162441269,0.9915816501952015,7.035667579485816,1.3867597250549153,0.1971042135501608,0.011264614097702186,0.004998248847359851,0.013076002083331595,0.004978310858334446,0.4698508308293041,0.43596708220364144,0.8786030693784239,0.8275058833652156
3,train,received,0.74578857421875,49.90625,51.125,1.490234375,1.7998046875,2.005859375,5,3,1.9287109375,3.994140625,1.9298904613264618,1.9299460822235623,1.9300024199499157,1.9531189825810145,1.9316574098590586,1.9336104753269936,1.9355101264805112,2.0545207950441684,0.51708984375,,,1.3603515625,0.43857302469599574,0.501372771500836,7.162105003080282,1.3635284157382581,0.1903809585522456,0.0007952117392120428,0.0002900521623691573,0.0008713637468567015,0.0002768169852525589,0.48038082697033246,0.3073073278790364,0.8720101563292157,0.5576601838124409,7.0586122688178445,1.2411334877794884,0.17583250652005988,0.011971795285862896,0.004245261036061167,0.01451010337236891,0.004554110508051377,0.4538342369185768,0.27952905153177054,0.772527289044592,0.473407788550752,3,3,1.5078125,4.1875,1.5079454732468798,1.5080033330845524,1.5080430274398218,1.5322339471922108,1.5055926907434507,1.5076322461340623,1.508978870608908,1.6351826641200429,0.64013671875,,,0.6047946427298654,0.6309346776391471,1.5034473859907789,0.20991697068727355,0.0005565504968716439,0.00025565270537956323,0.0006452562342111889,0.0002497934002896335,0.5004861677135972,0.5012098777183268,0.9948025785224992,0.9957415306883258,7.0586122688178445,1.3767972202035499,0.19505211049566998,0.012078956952227493,0.005334939874046378,0.014628046858126353,0.005561487000800503,0.4725843705130961,0.4426387491970962,0.8841757396960697,0.8217793550058725
4,train,received,0.7408895492553711,51.3125,52.75,1.484375,1.8076171875,2.005859375,5,3,1.9287109375,3.994140625,1.9281715181183183,1.9282279101910864,1.9282847412509827,1.9514570171788568,1.917629939269463,1.9195846474325147,1.921429313462284,2.040649403325502,0.51708984375,,,1.2255859375,0.445432161245073,0.508553432240139,7.162105003080282,1.3602942082054847,0.1899293863494669,0.0006632585395633939,0.00024209344794573183,0.0007077310416754301,0.00022497214241765928,0.48053205361577067,0.3077853485351704,0.8728392133746761,0.5588824860284757,7.008286107547907,1.2371433407049348,0.17652580412956237,0.009935836231702133,0.003544437567877778,0.011413821737241925,0.0036055154274733333,0.44527216347529475,0.2799022206974752,0.7473818509819417,0.4643134879031953,3,3,1.5068359375,4.1875,1.5071268304385415,1.5071860719262016,1.507226517515809,1.5314927149535542,1.5069563379949478,1.5089862577816688,1.5103281887573157,1.6363117630193769,0.64013671875,,,0.6024424689919762,0.6272524768850286,1.5036128306915595,0.2099400706977746,0.0005826916398907755,0.00026769618017925074,0.0006686454492390581,0.0002588768169136638,0.5004893351627837,0.5013579253256534,0.99480199170325,0.9960286177644508,7.008286107547907,1.3711307392909915,0.19564423002284212,0.009968188944425194,0.004431930925766062,0.01144774073082111,0.004383400617371533,0.46361642651000423,0.4471741691284385,0.8566771354987832,0.8115506773618402
5,train,received,0.7334579825401306,51.5,52.625,1.4794921875,1.7998046875,2.005859375,5,3,1.9287109375,3.994140625,1.9279131068503232,1.9279687224140383,1.9280249609304347,1.9512002143643068,1.9258641168947652,1.9277882680019658,1.9296318678779205,2.0480514923598663,0.51708984375,,,1.224609375,0.446660201502825,0.5110677714837228,7.162105003080282,1.3589551937008217,0.18974242811524844,0.0006206386020961574,0.00022668984025730611,0.0006918115130272184,0.00022004095357858327,0.4811252662793475,0.3085305566346277,0.8754661506874379,0.5612287145833785,7.0111931071556635,1.2498713352888784,0.17826799464605428,0.01166854360766667,0.0041844703796110804,0.012749446388933272,0.0040462259916114,0.44915531518841867,0.28408777197248014,0.7539224009602821,0.4689288626820719,3,3,1.5068359375,4.1875,1.5062069961049627,1.5062660782514863,1.506306473742686,1.5306503538388927,1.5069601909177144,1.5089901102681302,1.5103320591574472,1.6363155744849804,0.64013671875,,,0.6050705621063384,0.630862994128846,1.5034215764203387,0.20991336705811298,0.0005217589238375453,0.00023975813299954518,0.0005234476433182422,0.00020270051480791634,0.5004702281373721,0.5015907754319925,0.9948379206871669,0.9965649964767263,7.0111931071556635,1.3829847230712962,0.19725383425252033,0.011822634168044743,0.005297938228356724,0.012966494949339769,0.00499871408129156,0.46799974537933053,0.45700295409277486,0.8650539583903996,0.8232548493037608
6,train,received,0.7386332154273987,51.3125,52.78125,1.474609375,1.802734375,2.005859375,5,3,1.927734375,3.994140625,1.9264910614946409,1.9265487972306767,1.9266065996393598,1.9498750432674044,1.9248469219405135,1.926800784138878,1.9286732727425586,2.0477860077379377,0.51708984375,,,1.224609375,0.4488067226939291,0.508118135265775,7.162105003080282,1.3599030097736515,0.1898747657551493,0.0005872581749128969,0.0002142981299923069,0.000680593076870295,0.0002162974829461432,0.4804428245791179,0.307590377428257,0.8722005096092076,0.5582234838229303,7.0212726334368245,1.2422733731305189,0.17692994389856667,0.013068464947357583,0.00466621133695222,0.015151503253957976,0.004806039692300089,0.44930426827566006,0.28219765351037834,0.7519786901914998,0.468680581305966,3,3,1.505859375,4.1875,1.5065780777925961,1.5066374286893989,1.5066779868727453,1.53102845521057,1.5083276226730808,1.5103479059910534,1.511685173507537,1.6374484171675776,0.640625,,,0.601983464501073,0.6273762660187687,1.5034071826301103,0.20991135734306102,0.00044761701308271284,0.00020573718296723514,0.0005090622385806043,0.00019716919607537175,0.5004733359528224,0.5018527993595703,0.9948720251468748,0.9971133193013499,7.0212726334368245,1.3757775717912526,0.19594418898356133,0.013273699805380623,0.005913824763961698,0.01537746653429739,0.00592247829029514,0.46790404706424393,0.4516345629922311,0.8617496942039358,0.8220286366975125
7,train,received,0.7323024868965149,52.21875,53.40625,1.4697265625,1.80859375,2.005859375,5,3,1.927734375,3.994140625,1.9275725588956183,1.9276304382096578,1.9276885373317245,1.9510047855772905,1.92682517743281,1.9287883018362455,1.930692746716346,2.049963331078534,0.51708984375,,,1.2236328125,0.44638546333575757,0.5031693055059003,7.162105003080282,1.3625906795617906,0.19025002830533297,0.000526966591571032,0.0001924304588519907,0.0005782080974094939,0.00018386988680076528,0.48095090822813447,0.30829093270460567,0.8745751153755599,0.5604252343644395,7.039957330747884,1.2465412049495155,0.17706658526254024,0.012007252983392114,0.004319132825469737,0.013235725911948215,0.004180335970003556,0.4515173910574939,0.28149298034758113,0.7634882512739658,0.4734056805437499,3,3,1.505859375,4.1875,1.505266090304314,1.5053260804075324,1.5053670026130808,1.5298131819814926,1.506739324106059,1.5087775683073799,1.5101239583283852,1.6362330704068806,0.640625,,,0.6033526973515997,0.6282921289480374,1.503292491552832,0.2098953437440941,0.0003950169184943064,0.00018159406118064444,0.00044536992126431585,0.00017252667807691156,0.5004733738757521,0.5020539250368351,0.9948720889805749,0.9975127164290547,7.039957330747884,1.3819453911999853,0.19630025102058046,0.012059413063802538,0.005422550792632646,0.013313526580602364,0.005100753681621501,0.4702171477078929,0.44870950146455246,0.874989432719639,0.8280555300614125
8,train,received,0.7322955131530762,53.15625,54.34375,1.46484375,1.80078125,2.005859375,5,3,1.927734375,3.994140625,1.9274074460571198,1.9274640681652733,1.9275211187063892,1.95076962525929,1.934650043714983,1.936621712558567,1.9385589271908494,2.0579190719111438,0.517578125,,,1.357421875,0.4377341204500916,0.4980861823215621,7.162105003080282,1.3596618208886653,0.1898410900571691,0.0005217700208302034,0.0001905840119845443,0.0005404870853240595,0.00017191481602619413,0.4806992527825926,0.30827489808755737,0.8737229952804775,0.5601430858589517,7.028965676296906,1.2363184397586997,0.1758890990075276,0.012328184708923828,0.004439044812456127,0.013725675033717799,0.004337936987647516,0.4502041422213994,0.279638940671543,0.7554322945988066,0.46572294674709225,3,3,1.505859375,4.1875,1.5054389969860822,1.5054990218088224,1.5055399712044624,1.5299814637553548,1.5042214060653176,1.5062705979246775,1.5076218747840064,1.6340460099718421,0.640625,,,0.6022510512751469,0.6272712368045321,1.5033863894531214,0.20990845412159473,0.00037721146169023,0.0001734212764958918,0.00042422942108188977,0.00016434736684678745,0.5004703759369891,0.5021305237043009,0.9948380684867857,0.997636688138543,7.028965676296906,1.3700923016673419,0.19492089800460546,0.012418079722088748,0.005589651446137453,0.013797822383771141,0.005289549736262011,0.4687510148034324,0.44458672103387203,0.8657913934986317,0.8118306202779516
9,train,received,0.7296066880226135,53.34375,54.4375,1.4599609375,1.806640625,2.005859375,5,3,1.9267578125,3.994140625,1.9281744205389988,1.9282319633120664,1.9282898183252126,1.9515614113031363,1.9189390580260848,1.9209125935063787,1.9228060675470406,2.0423854391762175,0.517578125,,,1.22265625,0.436134576408177,0.49556300201481207,7.162105003080282,1.3603546628461072,0.18993782725344643,0.0004890072953411817,0.00017851433544308719,0.0005447364687904965,0.00017317974285043,0.48052649172872286,0.30785339425815444,0.8728052197739808,0.5589907019783705,7.017936525997598,1.249700653266765,0.17807237905861797,0.01027507670879757,0.0037265259180350513,0.011579653950620106,0.003675500055868181,0.45732318019469886,0.28748868802640704,0.7589868485563667,0.47314975074967963,3,3,1.5048828125,4.1875,1.5045716212972202,1.5046328363682921,1.5046744788605826,1.529233856358374,1.502853837502048,1.5049126654093514,1.5062686065293194,1.6329130319541187,0.640625,,,0.6018594658045184,0.6269221205185697,1.5032280813535985,0.20988635055016497,0.0003141532266965896,0.00014447014009212337,0.0003545016840629245,0.00013736642664400424,0.500470479696574,0.5024312009676226,0.9948722003540356,0.9982678172005911,7.017936525997598,1.3815041401766537,0.1968533250562954,0.010244603114398565,0.004655890443475256,0.011562593656449849,0.004458176247715884,0.47641760917368803,0.4608300622515495,0.8699358785735587,0.8307347343073189
10,train,received,0.7257848381996155,54.09375,55.28125,1.455078125,1.8115234375,2.005859375,5,3,1.9267578125,3.994140625,1.926900892026791,1.9269577060898095,1.9270149215166645,1.9503108587177134,1.9168755447183066,1.9188398297486435,1.9207021061960654,2.0401239746396493,0.517578125,,,1.22265625,0.43934977813042897,0.4922068093996547,7.162105003080282,1.3619210082932571,0.1901565262876656,0.00045265792685622586,0.0001651980063654789,0.0004583708977152767,0.00014568689267654603,0.48025138403379053,0.3075241608308608,0.8716087097896166,0.5579469220769627,7.023521297419936,1.2468595707922463,0.17752627464093765,0.011110389434602297,0.004038998427081042,0.012198872034042907,0.0038748271312575504,0.45099094929117545,0.28148925512944,0.752244318706289,0.46941916742018525,3,3,1.5048828125,4.1875,1.5047617568015526,1.5048224278893734,1.5048637575561676,1.5293835730400562,1.502853837502048,1.5049126654093514,1.5062686065293194,1.6329130319541187,0.640625,,,0.6002655855528696,0.6251417253661911,1.5032682276641747,0.20989195592882934,0.00025512529033644427,0.00011733890931445306,0.000272818502945249,0.00010572553860636469,0.5004705099148126,0.5025624977741953,0.9948722305722759,0.9985285264007235,7.023521297419936,1.3798590121163261,0.19646256538343695,0.01129574674702738,0.005145294537332373,0.01236148576539886,0.0047675966264475005,0.4691195115742781,0.44817320811749173,0.8609501722163335,0.8222416268183148
11,train,received,0.7255507707595825,54.15625,55.40625,1.4501953125,1.8037109375,2.005859375,5,3,1.9267578125,3.994140625,1.9258170596960182,1.9258744874924043,1.92593212021335,1.949285546390561,1.9274360980088963,1.92939912441169,1.9312878189362401,2.0505649437129865,0.517578125,,,1.2236328125,0.4479240568773753,0.5102881019660686,7.162105003080282,1.3614263710470704,0.19008746317759198,0.0005563122555862776,0.00020318104514083297,0.0006138797541046515,0.00019524235733694786,0.4804534898374948,0.30806400689733887,0.8724828341718514,0.5592513236461338,7.031036390568865,1.2514231610775843,0.1779855901124606,0.012100193791147795,0.004403806386537118,0.012657734785833874,0.0040150783411048085,0.45492674621626783,0.28368368378135983,0.7532599885205045,0.4700205330866814,3,3,1.5048828125,4.1875,1.5044590747965978,1.5045203103668914,1.5045619660045364,1.5291298531510231,1.5069601909177144,1.5089901102681302,1.5103320591574472,1.6363155744849804,0.640625,,,0.6016718516223579,0.6267527657717431,1.5032601942882353,0.2098908342787089,0.0002545203836659127,0.00011707127780368044,0.0002936033111140546,0.00011378895498688269,0.5004705339248154,0.5026617135753736,0.9948722545822752,0.998725532806594,7.031036390568865,1.3846915569408622,0.19693989335601064,0.012289152101834233,0.005605076664185512,0.012882994918436808,0.004959983478794106,0.47347863339801144,0.4515866771904816,0.8627128268099273,0.8236332295029567
12,train,received,0.7329147458076477,54.78125,56.40625,1.4443359375,1.80078125,2.005859375,5,3,1.9267578125,3.994140625,1.9263045812998523,1.9263637153382043,1.9264228243104524,1.9498677231821442,1.937249365054093,1.9392112627327416,1.9411524897427654,2.060270963474754,0.517578125,,,1.22265625,0.44032978694852803,0.5042129608943383,7.162105003080282,1.3607020888485784,0.1899863361767758,0.0004131576586940966,0.00015093779478285563,0.0004343977996237314,0.00013819132521806726,0.4806069362851444,0.3083089784466785,0.8732329315420593,0.559998287681343,7.035267322167755,1.2281652497025628,0.17457264855205704,0.014422160347181467,0.005206494502705313,0.013348300219766074,0.0041964718020671525,0.4482052651385482,0.27546511967914894,0.7554934249921814,0.4641097647478609,3,3,1.5048828125,4.1875,1.5048734061146858,1.5049338684230076,1.5049750878923842,1.529485660006949,1.5042214060653176,1.5062705979246775,1.5076218747840064,1.6340460099718421,0.640625,,,0.6022168474596793,0.6269588722142985,1.503223684999764,0.20988573671473076,0.00031879908917353816,0.00014660323128600137,0.00035117093433623126,0.0001360731230210148,0.5004704577440151,0.5024056774519443,0.9948721784014785,0.9982171524015713,7.035267322167755,1.3614368651983324,0.19351601053005008,0.014679713156922958,0.006625975837169722,0.0135234756585767,0.005149278694336407,0.4668449121939737,0.435273525541445,0.8651904647035016,0.8061178044856523
13,train,received,0.7190706729888916,54.78125,55.78125,1.439453125,1.8056640625,2.005859375,5,3,1.9267578125,3.994140625,1.9266128543352639,1.9266711867419943,1.9267297112284894,1.9501139321196819,1.9268247402068126,1.9287878586233842,1.9306883133380979,2.0499623258385595,0.517578125,,,1.2236328125,0.42646629710044537,0.4901592116359489,7.162105003080282,1.3604922378354118,0.189957035990158,0.00039554372135253146,0.0001443466837395748,0.0004760062471911297,0.0001512852637085656,0.48018623467555077,0.30745467194238774,0.8712931530872625,0.5576945651392793,7.058416660219587,1.2527237173321162,0.17747942316756687,0.011065905781482144,0.004000134475611989,0.010521380402421343,0.0033204798115513212,0.45871232920918015,0.2842175354928097,0.7649613193285916,0.4743907083434968,3,3,1.5048828125,4.1875,1.503982624304192,1.5040447310309144,1.5040868928803999,1.5287312028475397,1.502853837502048,1.5049126654093514,1.5062686065293194,1.6329130319541187,0.640625,,,0.6013419183773537,0.627047168896713,1.5032352369467707,0.2098873496409587,0.00026587806452216256,0.00012228988603792972,0.0002936560997364168,0.00011380505125428583,0.5004705219197723,0.5026117718968555,0.9948722425772356,0.9986263667684816,7.058416660219587,1.3878221573663407,0.1966194720677152,0.011353151100793824,0.005137019814973886,0.01073084775521238,0.004107792786378319,0.4777562064714864,0.4517231812975933,0.8772656826455911,0.8305900550087276
14,train,received,0.7223775386810303,55.65625,57.0625,1.4345703125,1.8125,2.005859375,5,3,1.9267578125,3.994140625,1.92469391548113,1.924752402040115,1.9248108909520367,1.9482385802338804,1.9280174433660582,1.9299804161967098,1.9318815155904094,2.051141197088567,0.517578125,,,1.5517578125,0.4358886147786369,0.4949650020662778,7.162105003080282,1.3591662924098935,0.18977190250985465,0.0004261584803568752,0.00015555185166242356,0.00046682182723500887,0.00014839354826323042,0.48031450306593726,0.30765080509855464,0.8718901487235788,0.5582835032515359,7.059164041921367,1.2465085566143799,0.17658019408699058,0.012795796395272063,0.004620483691136462,0.01365552000643433,0.004296043034733174,0.4584721950254771,0.28203492642205424,0.7745567592455211,0.47792829020739713,3,3,1.5048828125,4.1875,1.504240448627651,1.50430130412711,1.5043427601886077,1.5289204328143748,1.5042214060653176,1.5062705979246775,1.5076218747840064,1.6340460099718421,0.640625,,,0.6034237677652835,0.6289716034295925,1.5032351538492474,0.2098873380385704,0.00021571591437385962,9.923373681529509e-05,0.00024333601686166162,9.431638634442541e-05,0.5004705798873834,0.5027865551872598,0.9948723005448432,0.9989734070516656,7.059164041921367,1.3784872638370422,0.19527627572483,0.013070272304487318,0.005904008265270027,0.013967767565590705,0.005324988052068254,0.4775956199117539,0.44634258738277893,0.8866830795910996,0.8324971331114168
15,train,received,0.7136478424072266,55.5,56.5625,1.4296875,1.8076171875,2.005859375,5,3,1.9267578125,3.994140625,1.9250361378228145,1.9250956365465164,1.9251549099557934,1.9486407924247264,1.9162502210357544,1.918214582333575,1.920076273219916,2.0395058970093776,0.517578125,,,1.4873046875,0.4506246034694495,0.5083630033724644,7.162105003080282,1.3595597638697734,0.18982684047288517,0.0005224340033000985,0.00019088297341620874,0.0005766359054941717,0.00018346004145572328,0.4808146247546059,0.3085090201571838,0.8743692847122206,0.5608484396818821,7.061304856162082,1.2520327353585448,0.17730897629578365,0.009920809170962386,0.0035802833908165138,0.011464626771823916,0.0036124681898358772,0.45746529225319144,0.2827149142408488,0.7653669403092209,0.47447732799395653,3,3,1.50390625,4.1875,1.504290452848256,1.5043519654451527,1.5043937800126197,1.5289859521812939,1.502853837502048,1.5049126654093514,1.5062686065293194,1.6329130319541187,0.640625,,,0.6001609022449219,0.6245728381311632,1.5031878234992608,0.2098807295973417,0.0002624567220790297,0.00012072264469971495,0.00029217291715344373,0.00011323530549046887,0.500470544695677,0.5026699407453353,0.9948722653531368,0.9987418602658756,7.061304856162082,1.38757199428597,0.19650362398319318,0.01009292212190438,0.004561917536530177,0.01165482629748027,0.004456741407234755,0.4768954246692534,0.45007594589156635,0.8787584488742732,0.8333038888266315
16,train,received,0.7220770716667175,56.0,57.5,1.4248046875,1.794921875,2.005859375,5,3,1.9267578125,3.994140625,1.9246576154889972,1.9247166111556262,1.9247754206027294,1.9482304893091156,1.9310128655692806,1.932984960835264,1.9349080834647459,2.054322409767602,0.517578125,,,1.22265625,0.43632179548599564,0.5010402083161632,7.162105003080282,1.3591187069241688,0.18976525844561595,0.0004269837631989404,0.00015590839899320023,0.00047382193201617184,0.00015066529474118225,0.48049499140185237,0.30795812889179225,0.8724494538333918,0.5589895181264115,7.075766034547074,1.2343874160874189,0.1744528309812088,0.010391217693191734,0.003718797759671192,0.01315445210449262,0.0041079582322907544,0.45675396197390494,0.27892244635743696,0.7624790352531425,0.46562963347010683,3,3,1.50390625,4.1875,1.5046939344517507,1.504755396910035,1.5047971812293641,1.529362941963404,1.502853837502048,1.5049126654093514,1.5062686065293194,1.6329130319541187,0.640625,,,0.6027784516192412,0.6279269618519235,1.5031780296980615,0.20987936215003464,0.00023303243989314382,0.00010719467239775887,0.0002579675722049757,9.998359221659409e-05,0.500470562497231,0.5027351160580151,0.9948722831546908,0.9988712726323167,7.075766034547074,1.3684367778291344,0.19339768600994015,0.010541201762670482,0.004710464114147186,0.013360167626718322,0.005049627636005956,0.4758224027010298,0.4401069110516693,0.8743725841527406,0.8087743095452452
17,train,received,0.7209144830703735,56.0625,57.5625,1.4208984375,1.8076171875,2.005859375,5,3,1.9267578125,3.994140625,1.9257700853266095,1.9258286943096754,1.9258873149622293,1.9492915859062077,1.9226806511981842,1.9246537266229722,1.9265471881799676,2.0460833236173244,0.517578125,,,1.22265625,0.4354999134449472,0.497815998793332,7.162105003080282,1.3566164899853266,0.18941588951877586,0.0003739428438143122,0.0001364529557737384,0.0004064194097290752,0.00012916007428230884,0.4801538365094018,0.3073909645528134,0.8711020340695743,0.557494339395811,7.078699372345664,1.235761223368923,0.1745746158110158,0.012262269211370302,0.004387647841158801,0.01460709129371729,0.004560802339395474,0.4569349357945356,0.27901438234151515,0.7715934316362727,0.471075352985697,3,3,1.50390625,4.1875,1.5041288752489557,1.5041906379485588,1.504232592071978,1.5288445730438207,1.5042214060653176,1.5062705979246775,1.5076218747840064,1.6340460099718421,0.640625,,,0.6036447880475267,0.6290062363092684,1.503174695304008,0.20987889658941355,0.00019855655936318328,9.13415495708957e-05,0.00021129850178702725,8.189984012259134e-05,0.5004705856841758,0.5028042004143174,0.9948723063416356,0.9990084425095533,7.078699372345664,1.3693232380829263,0.19344277331969453,0.01244643005228685,0.005557408091943539,0.014906487873954433,0.005630121732790416,0.4754958748996083,0.43923239719564416,0.8828460130909388,0.8153163062252984
18,train,received,0.7095779776573181,57.125,58.1875,1.416015625,1.802734375,2.005859375,5,3,1.9267578125,3.994140625,1.9263244705060516,1.9263839952640949,1.926443536022702,1.949936155897633,1.9221779782585415,1.924141629459527,1.9260157197460341,2.045366187270884,0.517578125,,,1.22265625,0.44597642456584735,0.5121222574489741,7.162105003080282,1.3585545963159527,0.18968649520380737,0.00039695835331077234,0.00014496338270129488,0.00043593616201142993,0.00013863377473816567,0.4804399364790024,0.3079915729350858,0.8724306228752905,0.5591021791141138,7.083343823946137,1.2523532673186608,0.17680255236021758,0.011617232833861735,0.004178632652023288,0.01197289128170631,0.0037462460422010286,0.459365433191663,0.2816307043774961,0.7805688875705359,0.47966655542732406,3,3,1.50390625,4.1875,1.504327426175939,1.5043889413820883,1.5044307583690812,1.5290208981711346,1.502853837502048,1.5049126654093514,1.5062686065293194,1.6329130319541187,0.640625,,,0.6022012649482148,0.6274073621068528,1.5032211459097686,0.20988538219744926,0.00019421681031683846,8.934951316207184e-05,0.0002081179056361293,8.067035654707509e-05,0.5004706030745956,0.5028579172746104,0.9948723237320589,0.9991151001966279,7.083343823946137,1.385420313292552,0.19558846043996395,0.011839249302095567,0.005327748515782401,0.012183808426449616,0.00461856942153578,0.4789168743068908,0.4462819850635805,0.8956065513958711,0.8375239663697855
19,train,received,0.7072229981422424,57.25,58.65625,1.4111328125,1.8056640625,2.005859375,5,3,1.9267578125,3.994140625,1.9259197354964253,1.9259789648460413,1.926038219442128,1.9495046094250135,1.9229800908344377,1.9249531282739032,1.9268457720393166,2.046379154505607,0.517578125,,,1.3564453125,0.4423887416926244,0.5036080891882406,7.162105003080282,1.359789884007424,0.1898589707107903,0.0004451920224246564,0.000162547700971328,0.0004644445064343472,0.00014767616050351184,0.48045806118415246,0.30790372791241416,0.8723332346002515,0.5588592934103508,7.08863860417612,1.2532792616905508,0.17680112242599136,0.013002757893305628,0.00467207811974574,0.01391419641126479,0.004357468939572663,0.4604858482058063,0.28253494997997425,0.7878635515505223,0.483239262348207,3,3,1.50390625,4.1875,1.5046406884857604,1.5047015876883585,1.5047430415738703,1.5292774843732198,1.5042214060653176,1.5062705979246778,1.5076218747840064,1.634046009971842,0.640625,,,0.6027139165827324,0.6277211003130984,1.5031511396527284,0.20987560766091146,0.00019642687099263867,9.036163452787005e-05,0.0002047014132156022,7.934264444265877e-05,0.5004705802989191,0.5028017764258366,0.9948723009563789,0.9990036341099418,7.08863860417612,1.385576694526909,0.19546442862958566,0.01320629426260922,0.005929838145718,0.014053523144315072,0.005328962207227912,0.47963408751882586,0.4466486983565592,0.9011014979182557,0.8387067987965922
20,train,received,0.712800920009613,57.21875,58.6875,1.40625,1.8037109375,2.005859375,5,3,1.92578125,3.994140625,1.9245729496388468,1.9246331440433118,1.9246929597064955,1.948208137820631,1.9194855953072176,1.9214590270190437,1.923327915206377,2.042922122341581,0.517578125,,,1.4873046875,0.45086989975989605,0.5086362711791309,7.162105003080282,1.3607670478465506,0.189995405996046,0.0004335189286113206,0.00015826220149567642,0.0004436340267064409,0.00014104100623469335,0.48028445722714785,0.307712478563165,0.8720891680169176,0.5585577735776104,7.094543690124234,1.246556120141137,0.17570631383613458,0.010962768151125957,0.003927204532290924,0.011792097817359348,0.003678173031221193,0.4622564865535228,0.281970307424876,0.7762072058080456,0.4749360591490813,3,3,1.50390625,4.1875,1.5040525872779362,1.5041138120896027,1.5041554935786565,1.528771144260364,1.5042214060653176,1.5062705979246775,1.5076218747840064,1.6340460099718421,0.64111328125,,,0.6017004033053668,0.6257748314359788,1.5031250923708264,0.2098719708415838,0.00014713940952848503,6.76978751044131e-05,0.00018719240174647211,7.256496668222039e-05,0.5004706324699582,0.5029607718989051,0.9948723531274197,0.9993193273579581,7.094543690124234,1.379099709086868,0.19438878232670637,0.011132752473590912,0.004977248852220849,0.011951455149535661,0.004507941587472549,0.48109892761785034,0.4435668255290679,0.8879886408215949,0.8225355898201573
21,train,received,0.7137365937232971,57.625,59.125,1.4013671875,1.8046875,2.005859375,5,3,1.92578125,3.994140625,1.9265853158124868,1.9266453438477789,1.9267052680563472,1.9502263635837507,1.9361926623198566,1.9381546725742833,1.9400842727060916,2.05922495851586,0.517578125,,,1.353515625,0.4329833591563147,0.49532696940782345,7.162105003080282,1.3602860041572011,0.18992824086943275,0.00041537961578885785,0.00015162942363924876,0.00045882220977855326,0.00014586064454586917,0.4803793470888955,0.3077349272623503,0.8720103527965444,0.5584377305859043,7.089108800345713,1.2385948642518414,0.17471799335220234,0.014823049998411442,0.0052764040111561725,0.01570761912815488,0.004893625706895243,0.4584882417725593,0.27867724124072424,0.7742795521469858,0.4702688543842055,3,3,1.50390625,4.1875,1.5039477689019818,1.5040098662162737,1.504052020718453,1.5286969967824422,1.5042214060653176,1.5062705979246778,1.5076218747840064,1.634046009971842,0.64111328125,,,0.6047416353138781,0.6306363586545031,1.5031651433656692,0.20987756291190748,0.00016681198612822357,7.674666589044618e-05,0.0001909675753219986,7.402643257667294e-05,0.5004706208764649,0.502925944304646,0.9948723415339265,0.9992501756504287,7.089108800345713,1.3679787306757523,0.19296906976643388,0.01512794457528166,0.006713194288937682,0.015978571903682237,0.006020636035639275,0.4773096888980426,0.438145664811268,0.8859670189605575,0.8123539214853535
22,train,received,0.7093899846076965,58.125,59.8125,1.396484375,1.7978515625,2.005859375,5,3,1.92578125,3.994140625,1.925226449114626,1.9252874598148904,1.9253481263317667,1.9489230427683792,1.933706104087197,1.935677899234817,1.9376217168572667,2.056987130761973,0.517578125,,,1.5517578125,0.4284765872108571,0.49187411047614016,7.162105003080282,1.357936995057289,0.18960026339648284,0.00034473966994674754,0.00012599379009752205,0.0003468659902923221,0.00011038444174381035,0.48080367760026377,0.30865439073141876,0.8740254530075005,0.560904746539496,7.1044846012260745,1.2392325383244116,0.17442961845684737,0.011106776201018853,0.0039538184993602185,0.01252220694580597,0.0038874502437121297,0.45750130165488656,0.27775160473294014,0.7894903080065587,0.47795728015359695,3,3,1.50390625,4.1875,1.5037238581499492,1.5037865045552499,1.503828974818888,1.5285145309791057,1.502853837502048,1.5049126654093514,1.5062686065293194,1.6329130319541187,0.64111328125,,,0.6042496968963308,0.6298720228574683,1.5029966180478522,0.20985403277408562,0.0001778095783899758,8.18063217733988e-05,0.00018646211462058915,7.227986424417348e-05,0.5004706208763032,0.5029245523471972,0.994872341533763,0.9992474113989368,7.1044846012260745,1.37188934978239,0.1931018823723867,0.011201182870450133,0.0049693282292057744,0.012670714100276648,0.004752483064646129,0.4760865345302463,0.43593776849689364,0.9018736336597755,0.822323254827549
23,train,received,0.7063300013542175,58.65625,60.0625,1.3916015625,1.7958984375,2.005859375,5,3,1.92578125,3.994140625,1.9262014086194026,1.9262617047876185,1.9263219021964524,1.949861484698832,1.9289493396479247,1.9309122152819216,1.9328251042444273,2.052063856742778,0.517578125,,,1.41796875,0.4365427575145086,0.5015711663257624,7.162105003080282,1.3597120620699594,0.18984810491959747,0.0004058289577724139,0.00014819186130350976,0.00038388005603451347,0.00012207136254423765,0.480329845739802,0.30788111223894893,0.8717475262841683,0.5585920708068524,7.1090023054922655,1.2407856028874324,0.17453723456086484,0.010630810375332977,0.0037742326509060706,0.010902136838051746,0.0033818489140844173,0.45802911373383104,0.27724667861509855,0.7898307412678953,0.4782524924827655,3,3,1.50390625,4.1875,1.5038229991819234,1.5038853437122397,1.5039276362162561,1.5285901801329522,1.502853837502048,1.5049126654093514,1.5062686065293194,1.6329130319541187,0.64111328125,,,0.6041119850693529,0.629835414592801,1.5030471632175584,0.20986109008051781,0.00014629340875149666,6.730958871874269e-05,0.00017250213252495428,6.687109471400892e-05,0.500470638266485,0.5029763326419738,0.9948723589239483,0.9993502232787159,7.1090023054922655,1.3723093426755397,0.19303824695841248,0.010761569172803576,0.004758726477383729,0.011011415729530682,0.004126477236678409,0.4768365399559462,0.4347440237326312,0.9028943994775736,0.823620062261992
24,train,received,0.7002165913581848,58.65625,59.96875,1.38671875,1.8017578125,2.005859375,5,3,1.92578125,3.994140625,1.9255925321502803,1.9256542534007173,1.9257155095940426,1.9493232297567806,1.92269243751662,1.924665511914828,1.9265590746807848,2.0460950123175055,0.517578125,,,1.486328125,0.4432081284001842,0.5045078444404059,7.162105003080282,1.361756529551807,0.19013356114803429,0.00034105672327733316,0.000124632638553346,0.0003531568938264229,0.00011237454375786937,0.480815760864167,0.3085963621409532,0.8741498900320037,0.5608650790081553,7.107283994325002,1.246402193764665,0.17536969041336856,0.011889563787184976,0.0042316569424227695,0.012713399359462585,0.003957502135091977,0.4598915600311253,0.28005840533369875,0.7872426815799418,0.47854184115424014,3,3,1.50390625,4.1875,1.5036329968527185,1.5036959009051594,1.5037385171258606,1.5284411440326087,1.502853837502048,1.5049126654093514,1.5062686065293194,1.6329130319541187,0.64111328125,,,0.6026786380535625,0.6276278657000859,1.5030536742959641,0.20986199918173917,0.00018516622268105465,8.518697587600723e-05,0.0002062592346412373,7.995084129244241e-05,0.5004706034861464,0.5028732445772173,0.9948723241436079,0.9991455378796085,7.107283994325002,1.3797489613975233,0.19413167709341855,0.012112945286116172,0.005376102432824353,0.012871381280112004,0.004846300699747135,0.47906710161750166,0.44130642036954987,0.9014129098296992,0.8281051018650335
25,train,received,0.7000871896743774,58.71875,59.9375,1.3818359375,1.8076171875,2.005859375,5,3,1.92578125,3.994140625,1.9256009049072547,1.9256614400976275,1.925721792133843,1.949273665589416,1.918980047484574,1.9209440874190349,1.9228155666394655,2.042205189738026,0.517578125,,,1.3525390625,0.43884951398623595,0.5036708601563881,7.162105003080282,1.3603785847864829,0.18994116732460783,0.0003517966970738584,0.0001285369875241628,0.00036476235375015875,0.00011605138865179551,0.4807470283257409,0.3084663985067029,0.8739518886850242,0.5605820725165055,7.1143292375910185,1.2445059365435736,0.1749294831574277,0.01125817989938227,0.004004988727426494,0.013289848258222214,0.004126626320353233,0.4619483690313979,0.28025350616251793,0.7923600930551764,0.48092965373572066,3,3,1.50390625,4.1875,1.5036461662129947,1.5037088252391297,1.503751303556921,1.528443733854305,1.502853837502048,1.5049126654093514,1.5062686065293194,1.6329130319541187,0.64111328125,,,0.6046283777379706,0.630206326449272,1.5030356815517971,0.20985948696722131,0.00012076275342121079,5.556741289499121e-05,0.00014481207257865947,5.614075089414759e-05,0.5004706672504176,0.5030648971184242,0.9948723879078765,0.9995260723668898,7.1143292375910185,1.3805970484470549,0.19405863888786493,0.011322216854658507,0.00502259253685337,0.01346709555813419,0.005055728317412175,0.48139623325498526,0.44102405682177925,0.9076444757324023,0.8321075177911028
26,train,received,0.6882756948471069,58.875,60.21875,1.3779296875,1.810546875,2.005859375,5,3,1.92578125,3.994140625,1.9254098874597367,1.9254710282975966,1.9255317196746582,1.9490899615200799,1.9244832881668041,1.9264466897049057,1.9283441836357882,2.0476477731096296,0.517578125,,,1.5556640625,0.4471850704291818,0.5107309701848917,7.162105003080282,1.362172791508075,0.19019168120576715,0.000318617797370635,0.0001163636058834357,0.0003497790047219951,0.00011124213050720101,0.48055382692374593,0.30810663839107877,0.873287009892354,0.559727374489581,7.118236626894541,1.2602826376799487,0.17704983744404823,0.014026592912382618,0.005004744534823437,0.013975984819947662,0.00435979681408957,0.4649572591340263,0.28454833331866414,0.8037909528231753,0.49136597399622295,3,3,1.50390625,4.1875,1.5034948623002538,1.5035582630759758,1.5036011582931976,1.5283315917700229,1.502853837502048,1.5049126654093514,1.5062686065293194,1.6329130319541187,0.64111328125,,,0.6031095702101442,0.6285271490355692,1.5030166098446878,0.2098568241038451,0.00016297043412816237,7.498173858093887e-05,0.0001692293813375656,6.560170131626652e-05,0.5004706378551154,0.5029624344287486,0.9948723585125752,0.9993226235936832,7.118236626894541,1.3964407604375433,0.19617790664073018,0.01420861276661789,0.0063269043428999215,0.014135777198242216,0.005336800668632774,0.48432762852116706,0.4496570357429196,0.9192609054285814,0.8520231126776375
27,train,received,0.6937873959541321,59.4375,60.65625,1.373046875,1.8076171875,2.005859375,6,3,1.9296875,3.9921875,1.9305127892591762,1.9305690827095816,1.9306257789768697,1.9537330425663653,1.9274902322729923,1.9294343240946417,1.9313148223064698,2.0501819623748285,0.5166015625,,,1.2294921875,0.4452961841688845,0.5052571086438888,7.162105003080282,1.3589249902391694,0.18973821099449423,0.0010883842262439103,0.00039687660681772985,0.0014719244155880773,0.000467492001067697,0.4796660365722394,0.3067013343630407,0.8723742212149626,0.5576226824818151,7.11806053096133,1.2582389784617898,0.1767671085387438,0.013883994770352182,0.004952387443915906,0.013806159814252261,0.004298724890013992,0.46445438651114657,0.2838007969560389,0.7992685214942368,0.4873643770613557,4,3,1.5107421875,4.1875,1.5096430166117207,1.5097025922682565,1.509743295077195,1.5340629729064226,1.5092717059281855,1.5112907007147443,1.5126263530000381,1.6382984262909337,0.63916015625,,,0.6015367551966282,0.6265770528515395,1.502613548262004,0.2098005471318501,0.0013564803731895836,0.0006222138176590492,0.001957321156763392,0.0007568129264092852,0.5001925082587046,0.4993612854500248,0.9930730308145153,0.9909271480637045,7.11806053096133,1.395191998032243,0.1960073241810175,0.014295550204775687,0.0063556974393438595,0.014249799278252873,0.005362224809103905,0.4840639185864406,0.4472526557230434,0.9124621158869939,0.8404087965259653
28,train,received,0.6904720664024353,59.0625,60.34375,1.3681640625,1.806640625,2.005859375,5,3,1.927734375,3.994140625,1.9286205032803005,1.9286778822107762,1.9287355640274049,1.9519568425628693,1.9266071599869812,1.928560811148686,1.930436871400228,2.0495261950141335,0.51708984375,,,1.2255859375,0.43950798887067277,0.5016894793751699,7.162105003080282,1.3604067116510514,0.18994509450307792,0.0005277321978933713,0.00019264269887405122,0.000595794963538232,0.00018940485053753803,0.48054531203016193,0.30784206867111025,0.8730545626736186,0.5591079394567865,7.114793737693038,1.258277131212162,0.17685363449765398,0.012212992375635778,0.0043575365397255225,0.014325434765326328,0.0044627539656430515,0.462176753835962,0.2821249644722078,0.7996160158761594,0.48926280080633144,3,3,1.505859375,4.1875,1.506374340642294,1.5064346288928658,1.5064757050149027,1.5308635507718313,1.5042214060653176,1.5062705979246778,1.5076218747840064,1.634046009971842,0.640625,,,0.6042550818825417,0.6295983299884924,1.5032727305797549,0.2098925846428147,0.0004251823955137013,0.00019542855621712053,0.0004722347996128917,0.00018290757239462579,0.5004703102860271,0.5018662655412144,0.9948720309434904,0.9971460924802843,7.114793737693038,1.3919385249664988,0.19564003909097624,0.012248520965233212,0.005451705343143608,0.01443291738345831,0.005438170892632262,0.4812939402519518,0.444735621208837,0.9133440979758047,0.8469972002514667
29,train,received,0.6959714293479919,59.28125,60.78125,1.36328125,1.8046875,2.005859375,5,3,1.927734375,3.994140625,1.927680875630885,1.9277378359200825,1.9277950729986135,1.9510143674790463,1.9334969340151449,1.9354592688009218,1.9373844316618463,2.056560064083055,0.51708984375,,,1.224609375,0.4459817519365011,0.5032625609530949,7.162105003080282,1.3584529720663145,0.18967230604439203,0.0006161623302860519,0.00022476884351781636,0.0006740862681153814,0.0002141658504340854,0.48032728657784585,0.30733220165084063,0.8717493520055832,0.557600633123953,7.122423654579488,1.2395371590885236,0.17403305661150067,0.011603186105623386,0.004102947170984425,0.012466717782025682,0.0038569948794880803,0.4613113315900126,0.27823451026603546,0.7917167293499885,0.4778606842073403,3,3,1.505859375,4.1875,1.505918747449491,1.5059793674951159,1.5060206378552496,1.5304516255718392,1.505588906239581,1.507628462058746,1.5089750688694663,1.6351789203367797,0.640625,,,0.6011576151822381,0.6260843266095651,1.5033075259303064,0.20989744290034326,0.0003754471508763402,0.00017259798019122902,0.0004586174159806333,0.00017765879912183926,0.5004703577242671,0.5020533004837291,0.9948720783817278,0.9975174741400384,7.122423654579488,1.373416139645732,0.19282988575983823,0.011621446431642646,0.005113389479593685,0.012476776619176455,0.004660780331658286,0.48029823420918305,0.43555359357789414,0.9054151575229108,0.8219615056350373
30,train,received,0.6932870745658875,59.375,60.71875,1.3583984375,1.8076171875,2.005859375,5,3,1.927734375,3.994140625,1.9271388539265553,1.927196124807494,1.9272537160572303,1.9505637460155307,1.9264154798315831,1.9283786468574675,1.930277482321791,2.0495576838556393,0.517578125,,,1.2236328125,0.44759710386307056,0.5089167467105865,7.162105003080282,1.3622193837179937,0.19019818658510726,0.0005420189510720874,0.0001979823876578774,0.0006002727773415373,0.00019093289810021743,0.4809282230453711,0.3084276527447045,0.8743950567048548,0.5605846910051997,7.123237820769345,1.247887447762034,0.17518542538668966,0.01246498981190669,0.004422674053857109,0.014229946362666723,0.004406265686577936,0.46341949261803794,0.28044534312468955,0.7967763829133272,0.48305532300711435,3,3,1.505859375,4.1875,1.5056717064426175,1.505731663151477,1.5057725669704496,1.5301926088053042,1.505588906239581,1.5076284620587457,1.5089750688694663,1.6351789203367795,0.640625,,,0.6024662795270518,0.6279622822403309,1.5033444416149133,0.2099025972068762,0.00037456939548796697,0.000172212891332513,0.00038764410329772403,0.00015017876228745047,0.50047039274531,0.5021705854345778,0.9948721134027698,0.997750353014395,7.123237820769345,1.3804820469297863,0.19379979746074058,0.012710792790986858,0.0056177374644804665,0.014537080964493576,0.005437127419987926,0.48281468510972747,0.44027082836465653,0.911503419382897,0.8334573628332689
31,train,received,0.6880806684494019,60.03125,61.15625,1.3544921875,1.798828125,2.005859375,5,3,1.927734375,3.994140625,1.9291464226067212,1.929202962603837,1.9292600981752825,1.95246888214337,1.9326173193906433,1.934579754961993,1.936499664475634,2.055690025752894,0.51708984375,,,1.224609375,0.44047127032544614,0.5029972302406975,7.162105003080282,1.360507489753992,0.1899591655203134,0.0005026808379007264,0.00018343157638979086,0.000502333214839723,0.00015964277380315094,0.480441599349791,0.30758021948833075,0.8723138841131668,0.5582790373531151,7.1232862708215645,1.253229929179656,0.17593423618437767,0.011767829110133299,0.004174798945014252,0.01297138095193251,0.004026972725814034,0.46284180376388395,0.28121520322675925,0.8014612791553084,0.48664825421165175,3,3,1.505859375,4.1875,1.5054580742719585,1.505518842077283,1.5055602127636842,1.5300350999917753,1.5069563379949478,1.5089862577816688,1.5103281887573157,1.6363117630193769,0.640625,,,0.6018196272808447,0.6268567927186693,1.503342319512158,0.2099023009109193,0.00044024664651320933,0.000202373937235253,0.0004495087267093467,0.00017412069786358495,0.5004703343662396,0.5019817159669335,0.9948720550236994,0.9973753391470275,7.1232862708215645,1.3862545247615985,0.19460884654320018,0.011832832320807896,0.005228818504921732,0.013138390791023191,0.004929329974266693,0.48190224693017303,0.4420759591199305,0.9156756792014917,0.8392021890652102
32,train,received,0.6839516162872314,59.90625,61.15625,1.349609375,1.8115234375,2.005859375,5,3,1.927734375,3.994140625,1.9270226618796749,1.9270803486482635,1.9271382281364975,1.950442000977013,1.9247968063398628,1.9267696223413304,1.9286635884920214,2.0481748314793466,0.51708984375,,,1.224609375,0.4454813635857754,0.5040532309550352,7.162105003080282,1.3599291938414722,0.18987842167304067,0.000558249363288077,0.00020370144794691825,0.0006319104459597824,0.00020081634904750646,0.4805294756241887,0.3076167363574318,0.87270227071539,0.5584917733414901,7.1216154648884995,1.2572418434534447,0.17653885549591786,0.010453651078021764,0.0037244074406023384,0.011456263902949182,0.003565369796887177,0.46575387278655,0.2835999358161393,0.7996112697938225,0.48760413196646357,3,3,1.505859375,4.1875,1.5056212297046931,1.5056817154267237,1.5057229235497736,1.5301754905428286,1.5069601909177144,1.5089901102681305,1.5103320591574474,1.6363155744849802,0.640625,,,0.6040102964870241,0.6295940768729025,1.503357977057106,0.2099044870761516,0.0003471092131954734,0.00015956573783676328,0.00041118379646665204,0.00015927986756512794,0.5004703515158004,0.5020195122369467,0.994872072173262,0.9974503809563686,7.1216154648884995,1.3912164893380292,0.19535125087799318,0.010535129129256582,0.004678549329099237,0.011491650327149827,0.004323089590489654,0.48471747406054,0.445803173142585,0.9127973219842644,0.8413837054616139
33,train,received,0.6976224184036255,60.03125,61.5625,1.3447265625,1.802734375,2.005859375,5,3,1.927734375,3.994140625,1.926846603721284,1.926903623530335,1.9269609300846309,1.9502499417764083,1.9358430079060969,1.9378050558089215,1.939730773911366,2.058878881638039,0.51708984375,,,1.224609375,0.43115660533383204,0.48575535126615144,7.162105003080282,1.3638424538949343,0.19042480573914683,0.0005781830237552299,0.0002110205654981727,0.0006485319916782473,0.0002061372247887796,0.48027919823019793,0.3075727603556302,0.8717459302403512,0.5580906103175955,7.121082079030343,1.2353507750981052,0.17347795761768825,0.013939033550018465,0.004922023778633494,0.013218958570556438,0.00408048303227879,0.4582185177328588,0.27507107396435565,0.790132248795774,0.4749602581343731,3,3,1.505859375,4.1875,1.5060657049411663,1.5061263672557363,1.5061676709726606,1.5306042050401247,1.5042214060653176,1.5062705979246775,1.5076218747840064,1.6340460099718421,0.640625,,,0.6021256229302515,0.6268065094021337,1.5032964208671584,0.2098958923697181,0.0003239745662684257,0.00014896688978232524,0.0003773379146565503,0.0001461988963245926,0.5004704225518752,0.5022853656800056,0.9948721432093368,0.997978262944179,7.121082079030343,1.3657740755222023,0.19179305341024463,0.01419238423366842,0.0062341562187951715,0.013313105804283687,0.004959918829103504,0.47722018533455657,0.4297734423349338,0.9036112598222159,0.8154185963155773
34,train,received,0.6937759518623352,59.71875,61.3125,1.3408203125,1.8095703125,2.005859375,6,4,1.927734375,3.994140625,1.926863874636094,1.9269221296625663,1.9269804056757724,1.9502874615166652,1.9287916597725827,1.9307640249776277,1.932685433611105,2.052126850712205,0.51708984375,,,1.224609375,0.442312379262535,0.4971547866018848,7.162105003080282,1.3620439774751283,0.19017369570668674,0.0006763749004266018,0.0002468663352088332,0.0007370114460254484,0.0002342676195308197,0.48062298298619144,0.30781150223080833,0.8734612807395017,0.5592225215203819,7.11992521438826,1.2429904285249858,0.17457914108607428,0.01046574039335102,0.0037035347756711016,0.011205271059775868,0.0034681973706820073,0.4612720440546223,0.2787146356944122,0.7889910096364288,0.47725763966838247,4,4,1.505859375,4.1875,1.5058052827960962,1.5058653023670865,1.5059062544781254,1.530337881594319,1.5055926907434507,1.5076322461340623,1.5089788706089082,1.6351826641200429,0.640625,,,0.6017443045479979,0.626703793669354,1.5033614189076194,0.20990496764024724,0.00037043802517988667,0.00017029163094431398,0.0003733954724278732,0.0001446430314429238,0.5004703517560705,0.5020302099232318,0.9948720724135338,0.9974716250161197,7.11992521438826,1.3755733867825608,0.19320053868020146,0.010465719517969596,0.004609036306457898,0.011250008751340523,0.004204541652293998,0.4801854027997985,0.4366056712299481,0.902096082776036,0.8215859447766313
35,train,received,0.6944932341575623,60.0,61.3125,1.3359375,1.8056640625,2.005859375,5,3,1.9306640625,3.994140625,1.9293921666035332,1.9294485042499476,1.9295049611485102,1.9525075149559616,1.9327083806910412,1.934670789140781,1.9365797997714949,2.055778512298738,0.5166015625,,,1.3583984375,0.42984450862649004,0.48757917884354446,7.162105003080282,1.36063854980189,0.18997746461643691,0.0007706901820396794,0.000280919212759589,0.0007687805152958305,0.00024408525030557353,0.4803379303336692,0.30691820809543396,0.8721509435112687,0.5570939392540768,7.127381306254569,1.2324874061208433,0.1729228945614689,0.010352804390564962,0.0036489163795264483,0.012214242238507644,0.0037642114188452375,0.46217275383633805,0.27682965019777045,0.791055252361125,0.47427972538039515,3,3,1.509765625,4.1875,1.5095224302494152,1.5095812553780847,1.5096214754904655,1.5337661654525845,1.5042214060653176,1.5062705979246775,1.5076218747840064,1.6340460099718421,0.6396484375,,,0.6029999304323334,0.6282544394980386,1.5036367427292103,0.20994340938628034,0.0006117743269937748,0.0002808062632081664,0.0006967017661789754,0.0002695363251294478,0.5004699502374015,0.5003637472992384,0.9948716708948648,0.9941626244071791,7.127381306254569,1.3690035152154136,0.1920766486863916,0.010338453925756497,0.004528174321137076,0.012171065067687614,0.004523303825839524,0.4814363041490326,0.43161376900214987,0.9051382635743597,0.812642215505204
36,train,received,0.6924552917480469,60.34375,61.90625,1.3310546875,1.796875,2.005859375,5,3,1.9296875,3.994140625,1.9298204044402771,1.9298762689233193,1.9299326184757761,1.9529694192966414,1.9349182020978897,1.9368401254615797,1.9387131375539635,2.056910857891156,0.5166015625,,,1.228515625,0.44778911899263113,0.5116330833825252,7.162105003080282,1.3617139498506037,0.1901276160102312,0.0008083445275604006,0.0002947826803177233,0.0008978145008144978,0.0002851696716548969,0.4804353377683821,0.3072331768085496,0.8725005584000751,0.5577759365331564,7.125635913102717,1.235768053514586,0.17342565191160536,0.01134231252681861,0.003997837220985815,0.013553192863535735,0.004179676363742272,0.46117871533874677,0.27684828121092553,0.7947517146653089,0.47708008301867744,3,3,1.5087890625,4.1875,1.5090930259004234,1.5091515430507259,1.5091915719658222,1.533327221557096,1.5067431770288255,1.5087814207938413,1.5101278287860964,1.6362368818724842,0.6396484375,,,0.6028108423357513,0.6280923865020589,1.5035178337380395,0.20992680686633408,0.0005583169389522524,0.0002564295446627999,0.00057541774199521,0.00022273201482277843,0.5004701230411923,0.5010465045214225,0.9948718436986566,0.9955183302760621,7.125635913102717,1.3693805253143294,0.19217660599193592,0.01145859631352586,0.005016509694579735,0.013620872176268506,0.005064073587763426,0.4801214811092205,0.43142148208426706,0.907900632247129,0.8157739679417217
37,train,received,0.6874934434890747,60.34375,61.75,1.3271484375,1.8095703125,2.005859375,5,3,1.935546875,3.994140625,1.935361213455728,1.935416535188489,1.9354720967293058,1.9581507454519298,1.9371604683038608,1.9390821163420024,1.9409623586453058,2.0591383719753136,0.51513671875,,,1.2333984375,0.4368565886983434,0.4952972020156782,7.162105003080282,1.362514471650244,0.19023938787050076,0.001152503026975893,0.0004197572608429778,0.0012381985975631338,0.00039285161250867583,0.48026022267871316,0.3064410784679484,0.8717080244475817,0.5560356139191287,7.1260691895757,1.2443738676062244,0.17462275968728236,0.012194696379042469,0.0043006699708193746,0.013911176643529366,0.004290100569326257,0.46182557012022585,0.27728596738499883,0.7964961029966293,0.4780702597915839,3,3,1.515625,4.1875,1.5152422483066048,1.5153000974976187,1.5153397834200577,1.539248213707455,1.5108412085594836,1.512850544710019,1.514182879452879,1.6396311920646929,0.63818359375,,,0.6022298764000465,0.6273820235244387,1.5038920285804223,0.20997905335563044,0.0007848594593706792,0.00035933821569600235,0.0008406822376478829,0.00032454246753638226,0.5004694301501855,0.4976044221071835,0.9948711508076444,0.9886834163757947,7.1260691895757,1.3776583762786179,0.19332655067311327,0.012309616448225036,0.005397209795946076,0.014050878755500484,0.005227600875406854,0.481076925184162,0.4331200991694569,0.9119131231064728,0.820605833198722
38,train,received,0.6903983354568481,59.90625,61.46875,1.322265625,1.8017578125,2.005859375,9,6,1.984375,3.994140625,1.9861262867105922,1.986172515956052,1.9862208654261913,2.007470431436565,1.9770954111492505,1.9789170642924176,1.9807280084247687,2.0953611720613092,0.5029296875,,,1.2958984375,0.43135960670873735,0.49395312966103916,7.162105003080282,1.3631720841355162,0.19033120619555877,0.002033995043669634,0.000728317646998658,0.002159679025444561,0.0006751293164329188,0.48061653446168506,0.29772303656250176,0.872742942032307,0.540462202178905,7.125788183319218,1.2344339482751465,0.1732347238674365,0.014050561994094046,0.004857163963736904,0.014040305419216637,0.004255852444321636,0.4575636218893333,0.2653805885397315,0.7973247173854316,0.46282392517778853,9,7,1.5771484375,4.1875,1.576768717602019,1.5768197550202374,1.576856439306814,1.599606948931679,1.57914291251128,1.5810620807914246,1.5823865636676793,1.7038265093896938,0.62353515625,,,0.6045111754148091,0.6303538581769517,1.5053027056395016,0.2101760173848471,0.0017670245908023574,0.0007868603645918067,0.0019419090630981017,0.0007322858412218606,0.5004674964546281,0.46893543419126205,0.9948692171120896,0.9317499090556821,7.125788183319218,1.367734406521438,0.19194149072844632,0.013940849206353079,0.005928425619736209,0.01395587428636258,0.00506044661945878,0.47646436672927095,0.402774568231928,0.9109375233555497,0.7709909046486975
39,train,received,0.6799664497375488,60.65625,62.0625,1.3173828125,1.8056640625,2.005859375,39,10,2.328125,3.994140625,2.3277297640137897,2.3277611373787823,2.327799296684507,2.344943188662057,2.3116370846285736,2.313060348064345,2.3146530093693705,2.412966888512837,0.417236328125,,,1.7119140625,0.37798876481061433,0.464552313680429,7.162105003080282,1.4037637313122868,0.19599876442869174,0.018220015028852288,0.00588018149369493,0.03087538408279933,0.00880963946234734,0.4801439821316009,0.25005904033166293,0.8710127820551081,0.45350523652246344,7.124272812949793,1.2810285488511233,0.1798118323771371,0.02351754947272866,0.007375284015516062,0.03502124257535666,0.009742439521851052,0.46457276341734044,0.22989563407169897,0.8035070313133668,0.3978537553121506,33,10,1.990234375,4.1875,1.9907997768327699,1.990835892707954,1.9908707204001261,2.0094557888711497,1.984928789437407,1.9864439107273884,1.9878312892526426,2.092579208918205,0.52490234375,,,0.5429644263556139,0.6060140170616564,1.5528009341727835,0.2168078984467491,0.020324545611889455,0.00779422662109077,0.03451639041205823,0.011452696933834843,0.5005992191292608,0.3502610555082272,0.9944563156224824,0.6955609558228489,7.124272812949793,1.4170865332067755,0.198909638978302,0.024812909684784223,0.009145069117255293,0.036957403073286876,0.01184810173252995,0.48396394064027426,0.3131729058279391,0.9182710706286308,0.5946725868499952
40,train,received,0.6772860288619995,61.84375,63.75,1.3134765625,1.798828125,2.005859375,17,9,2.271484375,3.9921875,2.271877437923384,2.2719213608848974,2.2719738825529627,2.2918696138890433,2.274749262991314,2.276358829061826,2.2782008405537018,2.3834537763506924,0.430908203125,,,1.60546875,0.3786593413344428,0.4664326341570117,7.162105003080282,1.4644931412834596,0.2044780327366898,0.0512130897314913,0.017191957043432234,0.06493083869020566,0.01918148322588582,0.4800698717323364,0.2666351437282152,0.87061457450947,0.4834126966610383,7.133563593079633,1.3256269251944661,0.18582955179378716,0.055704274341204396,0.017991303627262607,0.06838537584765625,0.01953650443480269,0.4671447665400912,0.24293855258674138,0.8021801178925845,0.41710946444391034,14,9,1.9052734375,4.1875,1.9026144315588098,1.9026603851305908,1.9027053984704114,1.9238515631714501,1.9151349953552486,1.9168859285808837,1.9185248127525907,2.0310965337672084,0.544921875,,,0.5424226783422006,0.6103177073765355,1.6162220539638905,0.22566299338934362,0.05589420430387548,0.022703458928672385,0.07130948285121974,0.024862921327671456,0.5004608438574785,0.38991839461092703,0.9929649113302217,0.773335678535817,7.133563593079633,1.4674893329633554,0.20571616329137188,0.059572538555127785,0.02300045767084549,0.0731221258914454,0.024420680521531807,0.4865738713599086,0.343437867276571,0.9162798807811257,0.6466017606178266
41,train,received,0.6594182848930359,63.0,64.75,1.30859375,1.8076171875,2.005859375,12,7,2.21875,3.994140625,2.2198315650203595,2.2198783239699544,2.2199334064868568,2.2405838051643125,2.2209208110033334,2.2226663954557493,2.224651257528051,2.3341775491746186,0.444091796875,,,1.5380859375,0.38874680177397136,0.4760786733879128,7.162105003080282,1.4954597617504546,0.20880170859088026,0.06944946526692508,0.023966685696078682,0.08014095668278376,0.024256243900338488,0.48035860747779235,0.27938759477209874,0.8722683377648899,0.5071835143764077,7.12831940669514,1.3729186174910155,0.19260060319428554,0.07889669732941318,0.026362629316329864,0.08650853564996641,0.025451287653845925,0.4661999426920822,0.25531764939388335,0.8037968029501066,0.44078065330911914,9,7,1.8310546875,4.1875,1.8316688547308335,1.8317180703674827,1.831764890469376,1.853734625606235,1.834534880359519,1.8363941545290337,1.8380830066155507,1.9549888115705636,0.56298828125,,,0.5401936055585119,0.606354155937172,1.6456306697233345,0.2297691347747039,0.07328975068258536,0.03106683889935506,0.08489361627622127,0.030699826360873237,0.5004675987354501,0.4238822061361911,0.9948693193929117,0.8422694083397488,7.12831940669514,1.5121873657577098,0.21213799206828698,0.08346662262867888,0.03389362732198285,0.09163746980773269,0.031942318418580445,0.4859245552041491,0.3749943495944316,0.9195070072786482,0.7109040528699392
42,train,received,0.6471633911132812,63.40625,64.8125,1.3046875,1.80859375,2.005859375,12,6,2.216796875,3.994140625,2.2162539182053274,2.2163020027024203,2.2163583836495375,2.237200656894928,2.211553613444784,2.213294059935401,2.2152277628423556,2.324913690408445,0.445068359375,,,1.6240234375,0.3798160639488448,0.4694405177960363,7.162105003080282,1.4943171428694768,0.2086421718512644,0.06659432091617301,0.022984802315183257,0.08631808286526432,0.026129276692172118,0.4803871077361732,0.27947412133232485,0.8721138612814405,0.5072206097935679,7.132767359024802,1.38929216573391,0.19477603793934126,0.0777061101355434,0.02610516056182457,0.09793467919574805,0.028967164767156724,0.46935337537305966,0.26039944812944965,0.8173329691499447,0.45299450394956187,9,6,1.8271484375,4.1875,1.8266076012930343,1.8266592919051696,1.8267080913818936,1.8489201428987898,1.8229020016032877,1.8247220152025094,1.8263784983025373,1.9429634419549067,0.56396484375,,,0.5443538448349868,0.6108818006085043,1.6455993323606988,0.2297647593344357,0.07090068541461214,0.030118472320647884,0.0915145814841054,0.033154564891249426,0.5004677537700548,0.4256992602938412,0.9948694744275164,0.8458782932748613,7.132767359024802,1.5335289675342536,0.21499775477661434,0.08212998163104768,0.03361483289276196,0.10351439487660219,0.03635279298500473,0.48868281110002165,0.3850790398906643,0.9328525009631878,0.7340103671158189
43,train,received,0.6528083086013794,63.21875,64.75,1.2998046875,1.8017578125,2.00390625,15,7,2.212890625,3.990234375,2.2131849075117866,2.213232953563307,2.213289051147688,2.234156675667877,2.204530525560839,2.2063001779382767,2.20828076217173,2.31913570224359,0.4453125,,,1.5302734375,0.38701004008518364,0.4681543115018958,7.162105003080282,1.50463204856927,0.21008237772584412,0.0758085675648088,0.02628627691608256,0.09613192896876477,0.029218180783883003,0.4788959775735169,0.28078901198283635,0.8696592182000398,0.5097538093318909,7.136490919527223,1.3862513949042325,0.19424832323559782,0.08941878975924933,0.03004020946711861,0.10402895220693065,0.030716191710888158,0.4659239786157885,0.25745345853372203,0.8122761208803819,0.44906675516176886,11,7,1.8251953125,4.1875,1.8249447095895686,1.824994755209298,1.8250421048669312,1.8471317441183546,1.8184116559479264,1.8202721778229443,1.8219542224897274,1.9395249004845465,0.56396484375,,,0.5401103848276915,0.6005139517801508,1.6534629200335325,0.2308627029794188,0.08130988510493786,0.03468406683991981,0.10454450182671948,0.03800952416546689,0.4995801592018063,0.4285012819454256,0.9914937712763958,0.8500615345110947,7.136490919527223,1.5301282063666382,0.21440904551280587,0.09577494930867037,0.03918185506491181,0.1113851252564908,0.039020720909538405,0.48560961105559564,0.38013262512331847,0.9287844663158591,0.7275779726121815
44,train,received,0.6443701386451721,63.625,65.25,1.2958984375,1.8076171875,2.005859375,13,7,2.22265625,3.9921875,2.220818201141059,2.2208642187835452,2.2209184409785965,2.2414710005466576,2.220418297759947,2.2221439235479683,2.224078546699695,2.3331145505577098,0.44287109375,,,1.544921875,0.38779700166453673,0.47740536343201767,7.162105003080282,1.5153131934577369,0.21157371929146948,0.08121598422989518,0.028211343156441755,0.11205338593796199,0.03411038713886987,0.48004954106812736,0.28231262031018645,0.8708307327268878,0.5119765310642619,7.1299286870673395,1.3997948922000796,0.19632663293520808,0.09741781717086884,0.0327834609381908,0.12103612446043055,0.035847506836049314,0.4643913795317465,0.25774040458397357,0.8102997989598908,0.4498987990767076,11,7,1.8369140625,4.1875,1.8369025199918882,1.8369506401019946,1.836996591096172,1.8587417725546236,1.8264350256560722,1.8282644914386221,1.829928005660218,1.9466836808374064,0.5615234375,,,0.5397612498802286,0.6078888776187236,1.6698340303593864,0.23314849888981287,0.08710960346284402,0.03723520278788919,0.11953828922111143,0.04353776331210678,0.5004674582285418,0.43105872626963,0.9925321534059455,0.8545113444007364,7.1299286870673395,1.5413609981717242,0.21618182534806138,0.10439508712274836,0.042776781439198865,0.1296680678290354,0.045572330235387454,0.483732939739987,0.38068599447678153,0.9251829693479028,0.7285024186421611
45,train,received,0.6409614086151123,63.78125,65.375,1.291015625,1.8037109375,2.005859375,12,6,2.224609375,3.994140625,2.224036952430986,2.2240829224359473,2.2241372189014768,2.244667875852881,2.2216075516825295,2.223359254005115,2.225356994378567,2.3352849736574313,0.442626953125,,,1.5419921875,0.395617588163555,0.475245310173912,7.162105003080282,1.5130617536980155,0.21125936481624843,0.08093473328030143,0.02805354224705024,0.10323336097056846,0.031366572541376044,0.4806319076917456,0.2816335311025491,0.87335724592067,0.511606699992335,7.133121478849352,1.3961942531551177,0.19573397947799126,0.08998672713887057,0.030196180432888096,0.11551057749576543,0.034102786708140626,0.46577135887932997,0.2572076186007265,0.811482248023796,0.44838654505455405,10,6,1.837890625,4.1875,1.8389729223004656,1.8390214877165951,1.8390679421848695,1.860877733840297,1.8296859620829533,1.8315303191208978,1.8332087593946638,1.9500543936719776,0.56103515625,,,0.5472218768770949,0.607281295096026,1.6661463717956975,0.23263361415102407,0.08670743358405897,0.036978930791028666,0.11042278161226449,0.04013972191658559,0.5004674757697112,0.4290862362166946,0.9948691964271736,0.8526056705344773,7.133121478849352,1.5374575621990085,0.21553783526016954,0.0954955321422215,0.03899232415299205,0.12274194358721502,0.04297467842865361,0.48512447339611064,0.37903522494125197,0.927034261657159,0.7249259080900647
46,train,received,0.6470922827720642,63.8125,65.4375,1.287109375,1.7958984375,2.005859375,15,9,2.21484375,3.994140625,2.214335000328313,2.214382890167792,2.214438975211851,2.235231051796507,2.2002445039847642,2.202039049306493,2.2040539413176554,2.3152611463774555,0.4453125,,,1.6240234375,0.376250215757836,0.4617370292317065,7.162105003080282,1.5168437210814014,0.21178741730664888,0.0796883024944357,0.027758781829803514,0.1099409041323538,0.033550041901670234,0.4805753645107611,0.2839744669814722,0.8732323623941225,0.5158448168853211,7.1324650123889155,1.3959040088436496,0.19571130127087885,0.09423049943360873,0.0317457986082901,0.11844527346879019,0.03509437637333101,0.4665310141011645,0.2586191413244066,0.8159631978930477,0.45352173747692276,12,9,1.8232421875,4.1875,1.8234846140446126,1.8235354451882129,1.8235833964342008,1.8456461712311227,1.8254432529178053,1.8272686738846227,1.8289285646703735,1.9453939417069537,0.56494140625,,,0.5390163259697013,0.607993090577247,1.6691381850291362,0.23305134235134395,0.08463240332376021,0.03634460780393918,0.11644086458100666,0.042577616748868584,0.5004677999932934,0.4351187519369899,0.9948345489338886,0.8645565497755131,7.1324650123889155,1.5372198728605282,0.21552434820085556,0.09983595291299974,0.04104799789598494,0.12486559129407837,0.043983121583596095,0.48598501744996714,0.38332201452556813,0.9314605830694394,0.7374606431519555
47,train,received,0.6371163725852966,64.5625,66.25,1.2822265625,1.7998046875,2.005859375,19,9,2.234375,3.994140625,2.2332311895988113,2.2332747228352865,2.2333263929147598,2.253399432619686,2.240431010431602,2.242098724720442,2.2439711717745867,2.351166411174081,0.4404296875,,,1.55078125,0.3873398405463178,0.47339539950338355,7.162105003080282,1.5047539447509628,0.21009939732855037,0.07765477796562514,0.026755154139928048,0.09656997304347836,0.029187527757498503,0.4804515092883923,0.2786841970793364,0.8726634465204421,0.5060382986246256,7.135799424437282,1.3964721853587605,0.19569947279857633,0.09484569440158186,0.0317204285925159,0.10956874088673274,0.03226201166132626,0.46570340509694663,0.2561915683078768,0.8233577237600542,0.4525534996925397,18,9,1.8466796875,4.1875,1.8471368903795957,1.847182119927966,1.847225636087366,1.8684709719931842,1.8497359818313797,1.8515193011834683,1.853151221229336,1.9678911969866588,0.55908203125,,,0.5408858843783176,0.6066446966352455,1.6557932192874296,0.23118806811339754,0.08227756029588829,0.03483256512039408,0.10203181771152714,0.0368576337225752,0.5004667825001174,0.4228114302799099,0.9948342672479553,0.8401144066801091,7.135799424437282,1.5373931952954494,0.21544792725402112,0.10001686830661072,0.04068343829359036,0.11517536435875453,0.040206693490423516,0.48464233256334044,0.3768132832285572,0.9379912255238123,0.7284085873737973
48,train,received,0.6372978687286377,64.4375,65.9375,1.2783203125,1.802734375,2.005859375,35,9,2.3671875,3.994140625,2.3664579622862867,2.366491823017444,2.3665340616932675,2.3841789095872863,2.3726235309588124,2.3740906997833946,2.3758281557602428,2.4746036742389497,0.407470703125,,,1.80859375,0.375759680384013,0.45882123501211447,7.162105003080282,1.5190998262945232,0.21210242318999623,0.09028721054224675,0.02992663586014523,0.10531055870857742,0.030764382831653315,0.4804764514269291,0.26133759408022356,0.8728300565270475,0.47461466664376656,7.132813051332965,1.4040628277856118,0.19684559481384745,0.10112762358688965,0.032489076152105105,0.11513735921434876,0.03272769370265928,0.47082493577607387,0.24245240866153858,0.8206499410466161,0.4230726828836367,30,9,2.01171875,4.1875,2.0112894646322355,2.0113262576969997,2.0113640063471805,2.0302569971670335,2.0052919544792607,2.006796134301741,2.008266437133779,2.1131984193815643,0.51953125,,,0.5435618983636392,0.6079628499685937,1.674617078174847,0.2338163259900025,0.09735822819277917,0.03880099416220097,0.1133129095731551,0.0388676952058085,0.5004634777780081,0.3760776874963924,0.9948651984354697,0.7473188863857069,7.132813051332965,1.5480968625692224,0.21703875475608006,0.10801524576770838,0.04131910930574801,0.12338137616340372,0.04086088944293144,0.4903909257746992,0.33973910705338595,0.9348934929088006,0.6486711706991318
49,train,received,0.6360762119293213,64.8125,66.5625,1.2734375,1.802734375,2.005859375,35,10,2.404296875,3.994140625,2.4049313136159096,2.40496353893672,2.4050042849554885,2.422304650099723,2.3983907034153398,2.3998138737832506,2.401492403416169,2.4989518328163958,0.39794921875,,,1.810546875,0.3528203616095395,0.444810735163929,7.162105003080282,1.5329129162090283,0.21403105868313188,0.09602725783282651,0.0315491000875647,0.11514666673310536,0.03337661024348861,0.4804748944017163,0.2575836043093773,0.872666513091235,0.4677127471217411,7.135796442549239,1.4060834984782589,0.19704646983679097,0.10487744580220948,0.03330055634675769,0.1257016442309773,0.03533958169742664,0.4636594564744936,0.23438846351776393,0.8085548973563412,0.40845488582122175,31,10,2.0546875,4.1875,2.053395009243946,2.0534311882454173,2.0534690156274493,2.0721560263172285,2.054307150577081,2.055857594319917,2.05738666655946,2.1619831175111295,0.509765625,,,0.5278903705791448,0.6037671927643099,1.6891511365856458,0.23584562581240776,0.10307375084358661,0.04062993262478744,0.12316762653570823,0.04185000812757788,0.5004635533818114,0.3684027538907278,0.9948303586233225,0.7320475960311799,7.135796442549239,1.5511971693709854,0.21738248587382986,0.11248809359393697,0.0423928573939045,0.13408910928731466,0.0438054754314383,0.48298997547230904,0.3258569054798399,0.9236549861648626,0.6225795983437624
50,train,received,0.6396204233169556,64.8125,66.6875,1.26953125,1.7978515625,2.005859375,30,9,2.404296875,3.994140625,2.4038536057341973,2.403888662830384,2.4039328639196835,2.42186611932066,2.4105193653276213,2.4120235897233986,2.413827966846004,2.513152717746309,0.39794921875,,,1.7744140625,0.35818240690176917,0.4530349014338181,7.162105003080282,1.5453043869298373,0.21576120236511917,0.10658698048690951,0.03514405080898143,0.1211995674546067,0.03524225933980583,0.4804569016919089,0.2590851515421708,0.8726417281650898,0.47044272737757886,7.134301262855789,1.4095571233460977,0.19757465677610958,0.1140428140105696,0.036268536135432905,0.13162385328679704,0.03709473143486131,0.4662423953555832,0.2363595203241911,0.8066663036379023,0.4091049266538187,24,9,2.048828125,4.1875,2.04914549941398,2.049184987904001,2.049226018225897,2.0685281814718435,2.045720558498584,2.0473530279571506,2.0489605863431337,2.156199030096275,0.5107421875,,,0.5263258220044825,0.6045244782780217,1.7020098452492642,0.23764100701082475,0.11444453136598565,0.04540143845266077,0.13051740726992467,0.04459228245085857,0.5004590425279876,0.3728365499150577,0.9947278083255329,0.740784943685164,7.134301262855789,1.5539195102060614,0.2178096288555164,0.1216102683739484,0.04596598717295893,0.14063405732026357,0.04611597469915168,0.4857181961918817,0.329556167613628,0.9213168471584723,0.6254524259016097
51,train,received,0.6314634680747986,64.8125,66.625,1.2646484375,1.796875,2.005859375,27,9,2.390625,3.994140625,2.3894036436865,2.3894411449549264,2.3894879144318404,2.408035305692563,2.396498982680454,2.3980294293493234,2.3998431341944615,2.5006921258820136,0.4013671875,,,1.740234375,0.3599223752592521,0.4478957910480164,7.162105003080282,1.5417256252558071,0.21526152221906003,0.10248339883181146,0.03393934441312951,0.12033949624868079,0.035127563109369084,0.4803694164003378,0.26090285869582247,0.8723112122995831,0.4736491844763714,7.133821570566707,1.4118617156631972,0.19791099366549472,0.11428562814829757,0.03654452248868027,0.1288480411652575,0.036447494030691266,0.4625079794463467,0.23623590247523366,0.8115247572046353,0.41467066069574154,22,9,2.029296875,4.1875,2.029382463062073,2.029424229523481,2.029467490029219,2.0494791492862556,2.0337474267753164,2.0354042191258896,2.0370387535514713,2.1456617748390676,0.51513671875,,,0.5249950076274039,0.6002439713009555,1.6988328776248736,0.23719742685903636,0.11014626289435459,0.04393819145952418,0.1288021674771569,0.04421592609939264,0.5004599906837894,0.3767325735480443,0.9948322158256095,0.7486001410722648,7.133821570566707,1.5572702445237674,0.2182939717680742,0.12159799330701926,0.04639645959560156,0.1377908103114498,0.04549478382877546,0.4817577821093284,0.33193292672343605,0.9267861237645505,0.6389060755350342
52,train,received,0.623557984828949,65.3125,66.875,1.2607421875,1.8037109375,2.005859375,25,9,2.416015625,3.994140625,2.417503260092975,2.41754226701136,2.41759093483971,2.43627361854984,2.42043174110335,2.422037984797445,2.423934385305704,2.5256878183983926,0.394775390625,,,1.8525390625,0.38755000972453096,0.47778922657623896,7.162105003080282,1.5458050332108177,0.21583110447919948,0.10740645313814845,0.035321953503835865,0.11792976497088503,0.034212632103022715,0.4806058336780783,0.2580626267492781,0.8735475829787722,0.4689276445384459,7.133797705646982,1.4283211431579024,0.20021890192194122,0.11778462446940274,0.03754210672120618,0.1265456905803255,0.03569947616362872,0.46801509496368077,0.23781536879146095,0.8144810604235202,0.414078924750421,21,9,2.060546875,4.1875,2.059238290743338,2.0592808991340545,2.059325377659721,2.07940360799487,2.0544679980564866,2.056176002435675,2.05786330198904,2.1671084211484004,0.50830078125,,,0.5334476697177106,0.604366215631013,1.7012173992354076,0.23753036272209735,0.11486381783938171,0.045394347761748756,0.12671048773032823,0.043149645424274435,0.5004603703315906,0.37018164328604536,0.9948675108893577,0.7356132386187942,7.133797705646982,1.5734966216058925,0.22056927972044144,0.12600255847782904,0.04782953877470392,0.13511072413727998,0.04441863704827903,0.4877073907647773,0.33290941173586375,0.9308130545346271,0.6358102983129362
53,train,received,0.6242610812187195,65.625,67.375,1.2568359375,1.8046875,2.005859375,26,9,2.44140625,3.994140625,2.4413359358064652,2.4413748498143217,2.4414235560895,2.4600383665688317,2.4350855731122465,2.436689314241415,2.4385744300204637,2.5400604155829316,0.388427734375,,,1.8544921875,0.3752692301616541,0.468421113714501,7.162105003080282,1.5551848437709626,0.2171407488583465,0.1093903723286953,0.03573467633475639,0.1258609635620207,0.03629874944153421,0.48073398015551305,0.2553348107414959,0.874099658530926,0.46414173066850367,7.141614532408356,1.4310068272697158,0.20037581428903298,0.11726641036091934,0.037044051158721225,0.13365941873918885,0.037400274723131316,0.4663715363448455,0.23382442750256063,0.8202825120642174,0.4111232874096089,21,9,2.091796875,4.1875,2.092167124109261,2.0922093718664763,2.0922539713341113,2.1121967927188994,2.0876933295152655,2.089353686862443,2.0910155419953984,2.198590568064575,0.50048828125,,,0.5231115405457365,0.6027225008514777,1.7095703692325928,0.238696635765231,0.11696330021706824,0.045816438494708706,0.1339133408437645,0.04525554072031996,0.500460241640555,0.3641182185591507,0.9947294919311389,0.7234683876404543,7.141614532408356,1.5787705460063526,0.2210663343480604,0.12500098409288363,0.046872921284790314,0.14319790782150044,0.04656891983770583,0.48581408304272955,0.32479631381307145,0.9364795142498759,0.6258068407281833
54,train,received,0.6279741525650024,65.375,67.25,1.251953125,1.802734375,2.005859375,23,7,2.427734375,3.994140625,2.426017896055161,2.426057801097862,2.4261073626439593,2.444893897618182,2.425717288071529,2.4273057155683437,2.429179575883519,2.5306284830500982,0.391845703125,,,1.77734375,0.37479800449679057,0.46804001907516485,7.162105003080282,1.543569517316143,0.21551897335382317,0.107995770915716,0.03534807315917307,0.11846061640216021,0.03422341868124978,0.48058403690280294,0.2560675496632087,0.8730053187613995,0.46503558437511067,7.133135044394917,1.4220496106471647,0.1993582908211705,0.11821219343469114,0.0374958653467815,0.13022903346927173,0.03660104725223405,0.4687000696576895,0.23636909337339707,0.8154539114020842,0.41125934233153616,18,7,2.072265625,4.1875,2.0732841388550174,2.073326285745565,2.0733705102249753,2.0933558733419853,2.0727633923058693,2.0744575789138713,2.076139386837945,2.1847632112145208,0.50537109375,,,0.5252651023721479,0.602130078240772,1.7003382099287512,0.23740760700903837,0.11495893399332058,0.0451790403026845,0.12617083042476285,0.04275962502850836,0.5004602552734267,0.3663434065207887,0.9948324241143283,0.7279633047524174,7.133135044394917,1.568685254065222,0.2199152608638561,0.12549873888407514,0.04728550089092909,0.13828059466100306,0.045197718821129905,0.48860165153403834,0.3291781938741361,0.9313371346138366,0.6274955943419162
55,train,received,0.6089503169059753,65.8125,67.125,1.248046875,1.8125,2.005859375,25,7,2.466796875,3.994140625,2.4683490931324976,2.468386307022864,2.468433538657178,2.4865868394934254,2.4891690087922163,2.4906211296339165,2.4923908433486,2.589483784687887,0.382080078125,,,1.8896484375,0.38598880368054245,0.4770797312751641,7.162105003080282,1.5567813577265337,0.21736366013301847,0.1107352039189653,0.035901347424076684,0.12957664414823356,0.0371214766921292,0.4802857296661056,0.2519853168043767,0.8732970027350069,0.4580610777411596,7.136572625457148,1.460407254023219,0.2046370618879072,0.12340842436272048,0.03910082029234846,0.14259949212529222,0.04003241491676812,0.47270369160977843,0.23787385812131337,0.8264104264612158,0.4161736059784008,21,7,2.12109375,4.1875,2.12210811391836,2.122149987225752,2.1221946509563128,2.1417651476226247,2.1189681791981565,2.120558657744524,2.1221866837320587,2.2279287364857376,0.493408203125,,,0.5310564082163094,0.6023943665744823,1.7123407119485048,0.23908344142009372,0.11772984073722093,0.04557847725881753,0.13808010565342155,0.04619307616190379,0.5004650225772247,0.35630667571326635,0.9948335002642033,0.708020387909432,7.136572625457148,1.6118387182990852,0.2258561361162965,0.13162145663932368,0.04948950715898466,0.15226205353253697,0.04966917200574893,0.49261306360091783,0.3304736890871097,0.9429141340384968,0.6331857442973741
56,train,received,0.6216623783111572,65.0625,66.8125,1.244140625,1.8076171875,2.005859375,25,8,2.474609375,3.994140625,2.4741089541092944,2.474146785908904,2.4741946610342236,2.4925454075857796,2.4721334247188356,2.4737024292003635,2.475563317221349,2.5753353685823366,0.38037109375,,,2.0234375,0.38585616687291224,0.47140933447763805,7.162105003080282,1.5624615423370614,0.21815674884200623,0.11100914832615594,0.036012606104076646,0.1397953388965778,0.04007102350270846,0.4803285178187071,0.2522621661671676,0.8717288398894132,0.45770000419033263,7.135166277518658,1.4433189556428916,0.20228245558768163,0.11890694024262594,0.037379222334697364,0.1460818418833565,0.04072745040434683,0.46733707692790283,0.23230134206949477,0.8128786707600923,0.40445371721727286,21,8,2.130859375,4.1875,2.1318795889319397,2.1319226361206165,2.1319685171257956,2.1518426504352495,2.119337879152865,2.1209862894959146,2.1226598272302537,2.229689231902403,0.491455078125,,,0.5300998572823464,0.5998533483801071,1.7229558875388489,0.24056557210454735,0.1192501646256039,0.04620939572927639,0.14985836627002502,0.05017307342139512,0.500465680150552,0.3569084142602003,0.9948321073033997,0.7092137567139756,7.135166277518658,1.5906891270550507,0.22293651825143346,0.12692475512351198,0.04718120676019623,0.15606593558518966,0.05041096208091587,0.48703193691371816,0.32024110716372384,0.9288485936423854,0.6115364950399718
57,train,received,0.6243913769721985,65.75,67.5,1.2392578125,1.8056640625,2.005859375,22,7,2.41796875,3.994140625,2.4179644265176337,2.4180065302535048,2.41805863492287,2.4372962186543825,2.416233315051244,2.4178660466374273,2.419793926402604,2.5225187978442114,0.39453125,,,1.841796875,0.36408353439642543,0.4526237078543163,7.162105003080282,1.56210748788888,0.21810731443019168,0.1069035782156007,0.03530333378638778,0.14331206260930607,0.04172932527910644,0.4806616556073777,0.2598563430902992,0.8736915473844631,0.472209124624347,7.136398738560584,1.4326387086094763,0.20075093350213224,0.12153373764478204,0.038813479498518676,0.15243608213936444,0.04307607031425113,0.4662332650703558,0.237643722441092,0.8034684422678628,0.4099556919284424,17,7,2.0546875,4.1875,2.0551330065088207,2.055178425097896,2.0552255033661635,2.075748506342505,2.0510667605865223,2.052819234556104,2.05454762941654,2.1650655345502767,0.50927734375,,,0.5179887433815829,0.5977308909501837,1.7181887757772336,0.23989997005604832,0.11356723796256762,0.045243520195094554,0.1515902147863084,0.05198007996710378,0.50046653437074,0.37580756303854146,0.9948332833113351,0.7467537974465278,7.136398738560584,1.5805396508605045,0.2214758043605759,0.12799538090982843,0.04878756184956035,0.1620157333008594,0.05345175752310645,0.4856744228142631,0.3339804025832996,0.9187352787042702,0.6326545307270456
58,train,received,0.6149470210075378,65.9375,67.625,1.2353515625,1.80859375,2.005859375,21,7,2.423828125,3.994140625,2.422756909106468,2.4227950167897974,2.422842735544286,2.441492019853897,2.4103515791972097,2.4119493956541915,2.413820433576232,2.516007896393644,0.39306640625,,,1.8251953125,0.38254103620917207,0.474611876077487,7.162105003080282,1.5571562066791689,0.21741599795164498,0.11612118772063162,0.03818593660615209,0.12288944133401358,0.03564986567437827,0.48051028994555267,0.2579896327874246,0.8729305181031455,0.46855701377865155,7.139812682285799,1.4464843939793126,0.2025941657500492,0.13096236475152256,0.04178658567256297,0.13536148576983376,0.03825450344344704,0.4685984135040737,0.23899507089403169,0.8264836487249045,0.42128667416426135,16,7,2.064453125,4.1875,2.0646381652236343,2.0646810106481635,2.064725835135363,2.0848049380668634,2.063947812627609,2.0656254701282477,2.067295969847895,2.175764278110557,0.50732421875,,,0.5287188580826332,0.6027212874608057,1.7108440182906786,0.23887446743029847,0.12396053981404975,0.0490510701816663,0.13159045808093062,0.04486006830953801,0.5004659632763246,0.37105914501062165,0.9948676839337862,0.7373482258264759,7.139812682285799,1.592465050673209,0.22304017227569395,0.13897668346062364,0.05295260469118292,0.14336973255146024,0.04733365165803974,0.4885040331975157,0.33662644005762404,0.9437698825619494,0.6498537585057222
59,train,received,0.6103296875953674,65.9375,67.625,1.2314453125,1.8017578125,2.005859375,25,8,2.44140625,3.994140625,2.4410198302028623,2.4410570680654904,2.4411040129644386,2.459499516712415,2.439432879532928,2.4410091290488407,2.4428969613735725,2.5438421464272456,0.388671875,,,1.8955078125,0.3664204598161238,0.4590815325479075,7.162105003080282,1.56270157164069,0.21819026263488212,0.11743310453156575,0.03851183878425754,0.1316452850120644,0.03809782814074134,0.4797395222356453,0.2564287182970653,0.8719806357930731,0.46596331709986255,7.140353134461726,1.44634320356759,0.20255905784085876,0.12827566621080244,0.04078602900533517,0.14057386887198398,0.03957121641646312,0.46763824459439185,0.23656651213386762,0.8178877565370044,0.4141894324581063,22,8,2.08984375,4.1875,2.0890193100450407,2.0890602578453317,2.0891035970338385,2.108765676056944,2.093505627126939,2.0951201055155386,2.0967501139611935,2.203416654143893,0.5009765625,,,0.5242416956091052,0.6018113109553849,1.7212991741037098,0.2403342555524406,0.12592254124958302,0.049553134943990974,0.14037102506101107,0.04762629587693593,0.5004598548001802,0.3672456413215386,0.9948669953579481,0.7297814257843143,7.140353134461726,1.597458699509796,0.22372264640524953,0.13744066350654727,0.052025711207860585,0.15022391334630747,0.04926791897716166,0.48763872721279533,0.3309462120021533,0.934784696294197,0.6353175087249354
60,train,received,0.6086909174919128,66.3125,67.875,1.2265625,1.806640625,2.005859375,23,7,2.4375,3.994140625,2.4370280029589497,2.4370688520766817,2.4371198056326486,2.456196328026447,2.4213926953905367,2.4230210644448062,2.4249097086399294,2.5272888987101703,0.3896484375,,,1.85546875,0.3646729215253224,0.45509951889871986,7.162105003080282,1.5642790746171027,0.21841051952524246,0.11575860054767695,0.038019520500751205,0.13060744168220495,0.037847401805402275,0.480575534571404,0.2575029132117691,0.8735194832748432,0.46792529786229586,7.135263864668199,1.4499668016214677,0.20321137790030325,0.12799150982972662,0.04077263507155906,0.14439408345445504,0.04075299383596531,0.4664777177098607,0.23706473030310227,0.8193446352328486,0.4166746031942832,17,7,2.083984375,4.1875,2.083220066710947,2.0832638484345645,2.0833099574098273,2.10374921047178,2.075236771554153,2.07689938430315,2.078561369616786,2.1868190497418554,0.50244140625,,,0.5228160664866957,0.5988918998287497,1.7205226551356696,0.24022583505766898,0.12449524604092765,0.04908920110081832,0.14069019400672822,0.04781666898028701,0.5004667076607898,0.36861919619345546,0.9947999056216661,0.7324504898757186,7.135263864668199,1.5975013023758522,0.22388818867459478,0.13630710799096146,0.05167612667849893,0.15435372591016172,0.050745546563732244,0.48579628298937294,0.3313097882073411,0.9352481484832644,0.6384134440740438
61,train,received,0.603426992893219,66.625,68.0,1.22265625,1.8046875,2.005859375,24,8,2.439453125,3.994140625,2.4390600677200904,2.439102628037807,2.439155367640679,2.4584569838096573,2.428262169759003,2.4298971716284092,2.4317779422670243,2.5341309366906812,0.389404296875,,,1.828125,0.37290428672613424,0.46134451000519866,7.162105003080282,1.566108254098948,0.21866591643453917,0.11670963977365645,0.038350127532515696,0.13491663259486408,0.03911254010135949,0.4808494300461952,0.25784984924997306,0.8742842615430009,0.46869874059157146,7.1402385328596,1.4544656481252263,0.20369986820912636,0.13052385820075685,0.041662886870019906,0.14214006303564286,0.04014882376145686,0.47005628658304666,0.23944287481354148,0.8227488226166972,0.4192742006975383,19,8,2.083984375,4.1875,2.085359952154046,2.085404693952802,2.085451723510728,2.105960240374129,2.0903682029982944,2.0921135065269176,2.093857173613636,2.2036653835497177,0.50244140625,,,0.5293546841172478,0.6027123560066311,1.7214851843268861,0.24036022699841858,0.12458630449217001,0.0491570737633134,0.14440004661035033,0.049105069799331956,0.500461541879381,0.3690637123815006,0.9948351869598673,0.7333669975596143,7.1402385328596,1.6051405329662352,0.22480208827468837,0.13896303529305598,0.05277402352557679,0.1516450046777349,0.04987266361253394,0.4894224654081203,0.33443297807639727,0.9385494120723585,0.6416855041177902
62,train,received,0.6130074858665466,66.0625,67.75,1.21875,1.8046875,2.005859375,21,6,2.42578125,3.994140625,2.4272998154715646,2.427341085483479,2.4273925064226938,2.4465861464684697,2.4313729210853063,2.4329959425761585,2.434880360557135,2.5368483364021235,0.392333984375,,,1.8369140625,0.36364150488713104,0.46512487686574266,7.162105003080282,1.5698009259682215,0.2191815011498827,0.11785124709316008,0.0389082358463533,0.1347166383954903,0.039217279691402936,0.4809571581241201,0.25990231221621973,0.8746789392756797,0.4725359642524187,7.139018031329265,1.4502352397354752,0.20314211749727792,0.12931096111623042,0.041286769054988,0.14610108274904832,0.04130127101493047,0.4682831469264048,0.23889005503022515,0.8185793946334394,0.41778204468973673,17,7,2.068359375,4.1875,2.067089232525179,2.067133862826817,2.067180571038859,2.0877574099428733,2.0619627783455696,2.0637317349344366,2.065481276169929,2.1761630682382425,0.50634765625,,,0.5161484895462197,0.6012715757634619,1.7255628449369773,0.2409295652876977,0.12545567060623775,0.04986555078069471,0.14433462713316825,0.049394827962501484,0.5004669551553818,0.3741933387922903,0.9947639501616932,0.7434949859209575,7.139018031329265,1.5982016759955209,0.22386855853030257,0.1382396274951141,0.05264207557580552,0.1560402508011629,0.051473673804219966,0.48771840691699353,0.33537323151972825,0.934542344038845,0.6430238195177997
63,train,received,0.6112209558486938,66.1875,67.9375,1.21484375,1.802734375,2.005859375,22,8,2.443359375,3.994140625,2.441440391948861,2.441481744627578,2.441533396932691,2.460772596347982,2.436048643240889,2.4376626319025716,2.439543015352882,2.5413120729533043,0.387939453125,,,1.8525390625,0.3587145005152056,0.457576878157571,7.162105003080282,1.570028447267802,0.2192132685282558,0.12097926367391665,0.03969943911785702,0.13749012917524261,0.039811123777465214,0.4805370095345243,0.2571151518435914,0.872832063021618,0.4668905965711474,7.1416310463982535,1.4553566457538047,0.20378491079958358,0.13485670180906517,0.04282420423204052,0.147718679063912,0.041572522744286224,0.4684305482086586,0.2371713728977053,0.8162894178557334,0.4133874777754549,17,8,2.08984375,4.1875,2.0893711299071462,2.0894166106884793,2.089464538449264,2.1100745161963426,2.0943201344879308,2.0960555160628553,2.0977978231990937,2.207378551275139,0.5009765625,,,0.5246399147814981,0.6031012480279693,1.7300104372839264,0.24155055483546842,0.12930763935847533,0.051002670436661464,0.14704357619138708,0.049989451288437375,0.5004668801804799,0.36883430027195396,0.9948000053745893,0.7328775673042982,7.1416310463982535,1.602594980161598,0.22440181658079864,0.14308778862362193,0.054083894457649925,0.15734328655029373,0.051590268867187615,0.48846803874496825,0.3319165240976956,0.9332454244448556,0.6343333695866596
64,train,received,0.605597972869873,66.25,67.875,1.2099609375,1.8076171875,2.005859375,22,8,2.46875,3.994140625,2.4675898544170174,2.4676315507511695,2.467683548282897,2.486708967537238,2.457538516875217,2.459146866552179,2.4610136549042827,2.562276976395587,0.3818359375,,,1.9755859375,0.36170046579956006,0.46093491549232485,7.162105003080282,1.5654920189168067,0.21857987536394943,0.11151367453689964,0.03627041826335049,0.1375998809346033,0.03953237451393638,0.4805404658041308,0.2534383510849417,0.8734006039768873,0.4605121880198513,7.141689804305438,1.4611746549068996,0.20459788858737832,0.12392462177685548,0.039220856676803334,0.14869047606720986,0.04165618775287038,0.4682485470705293,0.23517584642087044,0.8257503035016871,0.4147923824199679,18,8,2.125,4.1875,2.123533579932318,2.12357930361709,2.123627782105318,2.144089138817195,2.1208341608550043,2.1225920105328817,2.1243643738890974,2.233968257893883,0.49267578125,,,0.5288872645472972,0.6058414587436104,1.724115320999537,0.24072745655893463,0.11919993459710998,0.0462852215404829,0.14749277068754463,0.04946905898832116,0.5004663721023013,0.3582663295172276,0.9948680927597611,0.7119358743290658,7.141689804305438,1.6108494749462547,0.22555578848792038,0.13288120925664781,0.04977595023009548,0.15922798645484626,0.0517075643291386,0.48809557263731396,0.325183996018637,0.943628705965474,0.6288001876483821
65,train,received,0.6147534847259521,66.3125,68.25,1.2060546875,1.7998046875,2.005859375,21,7,2.474609375,3.994140625,2.4753186856641376,2.4753603910514625,2.475412454488646,2.494317109494102,2.479569107404826,2.481137183452748,2.483038295284778,2.5831791503797694,0.380126953125,,,1.8857421875,0.3647690760036375,0.4536989540861393,7.162105003080282,1.5797476473886247,0.22057029975254566,0.12266165367368309,0.03997055735803274,0.14468393794754952,0.041635891711735054,0.48055913230840197,0.2542133987125093,0.8732138795852356,0.4618034335448419,7.136832150988756,1.4553519472631362,0.20392127998435663,0.1342680419383928,0.042256763377378846,0.15391899005660825,0.043026590565209216,0.4668074391643433,0.2334695520567732,0.8092511463172851,0.40453136964656666,18,7,2.1328125,4.1875,2.1330783946410787,2.1331228565215117,2.133170263379807,2.1534061726953886,2.1325652370812,2.134251022891398,2.1359652295590337,2.24372796153879,0.49072265625,,,0.5187042863409365,0.5971318949220226,1.740357129943983,0.24299519892482577,0.13293309306298706,0.051805808858841965,0.15694229617296074,0.05280395886497824,0.500466455434811,0.36067962478876914,0.9948681760922726,0.7167297107355963,7.136832150988756,1.6047905827853222,0.22486035104006058,0.14388475219826624,0.053589407376359234,0.16600469467624634,0.05381352358885863,0.4865123102885702,0.3228455039179283,0.9257692669931341,0.6139132667664625
66,train,received,0.6052244305610657,66.6875,68.1875,1.2021484375,1.8056640625,2.005859375,25,7,2.486328125,3.994140625,2.4856154012734195,2.4856565996618625,2.4857083851983104,2.5045859244642625,2.479771440326541,2.481356727977153,2.4832324648736934,2.5836899524639616,0.37744140625,,,1.857421875,0.3470438029485353,0.44261526474546764,7.162105003080282,1.5820698789414847,0.22089453844380488,0.12472659079040405,0.04052683437747664,0.14030040102805863,0.04027210821951294,0.4803023010505427,0.25289631142202557,0.8722460553015443,0.4591475825049487,7.142017417416776,1.4688660093891461,0.20566541966239366,0.13535071604964344,0.042623916671149585,0.15186708937237015,0.04240881248733085,0.4699514227993271,0.23457643686318766,0.8226154413348965,0.410865943629021,20,7,2.146484375,4.1875,2.145220632154169,2.1452649680717677,2.145312474255204,2.1654773223472596,2.1476211232539577,2.149318443941277,2.1510491394551594,2.2586105221588126,0.487548828125,,,0.513350284411339,0.5971672062175043,1.741052126890977,0.2430922370088381,0.13523957200518844,0.052497741850851105,0.15249568725345686,0.051133865111633175,0.5004664005946795,0.3580694863097635,0.9948346257748586,0.7115208770955163,7.142017417416776,1.6188217855084837,0.2266616966742153,0.1453534000137573,0.054173991577912854,0.16290822299767882,0.05274419966165201,0.48984559580292597,0.3241809990716823,0.9403258821786533,0.6228267217641147
67,train,received,0.6055198907852173,66.375,68.125,1.1982421875,1.80859375,2.005859375,27,7,2.4921875,3.994140625,2.4914105580100077,2.4914491911493992,2.4914982132369476,2.5099916118500945,2.496282681530175,2.497817340297464,2.4996835090193614,2.598829974333773,0.375732421875,,,1.9296875,0.3684923403947187,0.4613130019657837,7.162105003080282,1.577837008378161,0.22030352915791712,0.12316570407082672,0.039898462742143107,0.14056887470696466,0.040241182628628636,0.48055742421223435,0.25179119412194945,0.8730515550596261,0.45732101400656305,7.140499395555862,1.4641028021333615,0.20504207353404397,0.13517822093911835,0.042444319088186265,0.15205044259944245,0.042360131708338175,0.4692700265442493,0.2332732735873159,0.8204203455525745,0.40782783587288624,23,7,2.154296875,4.1875,2.1536013346590446,2.1536441272888798,2.153690231054322,2.173554617954876,2.154704089823315,2.1563463438303963,2.158033207605542,2.2645062414411368,0.485595703125,,,0.5253020646611368,0.6014225208633075,1.736963451275769,0.24252136076317435,0.13331893535451034,0.05147759804845399,0.15143387550659781,0.05054493572500259,0.5004659975612951,0.35458317505602943,0.9948677182187549,0.7046196813298223,7.140499395555862,1.61308240603478,0.22590610497617825,0.14523306397083502,0.053863870622952184,0.16289287950602382,0.052530293660220155,0.48852308431792757,0.32073480623549805,0.9344430986757208,0.6134957858771365
68,train,received,0.6106653809547424,66.75,68.5625,1.193359375,1.798828125,2.005859375,25,7,2.48828125,3.994140625,2.488855609462588,2.4888955694407113,2.4889461160752506,2.507632410893672,2.493382766132097,2.4949521805817416,2.4968462391573887,2.5965822385801203,0.376953125,,,2.044921875,0.3605948665416582,0.4542417147778983,7.162105003080282,1.5882842235829395,0.2217622085825116,0.12408142443304548,0.04032953303705629,0.14624322233489728,0.04198928787810443,0.4804386942789627,0.25309351640194233,0.8728649583561419,0.45970105886632834,7.140702570490734,1.4583922319463305,0.20423651840271295,0.13538202858486414,0.042477927329817804,0.15767192598356772,0.043894644536336874,0.4676745330676102,0.23236761560617533,0.8180282997631307,0.4063413569082265,21,7,2.1484375,4.1875,2.1487692275742543,2.148812546757825,2.1488592592612155,2.1689319588180003,2.1504401671554882,2.152073162220589,2.1537516586061023,2.2600689057543417,0.487060546875,,,0.5204884308562333,0.5998424335299024,1.7466471112301036,0.24387342973593723,0.13482569966977653,0.05232115653775511,0.1593992046261823,0.05343465723803564,0.5004663528368969,0.3578686666703777,0.9948334524136486,0.711121199825404,7.140702570490734,1.6111622622098238,0.22563077600627457,0.14534467277593155,0.053951320162680456,0.16967495534982646,0.054752654791726814,0.4873012539323307,0.32069175677559836,0.9348859671960534,0.6150413300439249
69,train,received,0.5981510877609253,66.8125,68.375,1.189453125,1.806640625,2.005859375,29,8,2.49609375,3.994140625,2.497524680638154,2.4975632438034827,2.4976122431796832,2.5160857117664546,2.4910627999864574,2.4926296002523944,2.4944942312136478,2.5940580751618216,0.375,,,1.9169921875,0.3845567344829297,0.4783416325966555,7.162105003080282,1.5805723846886082,0.22068545267192183,0.11963956912088136,0.0387249681573613,0.14618103244165503,0.04181798971941499,0.4800425602899274,0.25119373114612725,0.8715713025250169,0.45595097138984136,7.142485446077427,1.4646075805456396,0.20505573187411752,0.13155836345664262,0.04133905257531352,0.15499328847264682,0.04317041882558204,0.46893987095080014,0.2328018507331002,0.8203165544701214,0.4079555593428113,25,8,2.16015625,4.1875,2.1606628695762793,2.1607060626760988,2.1607526395944694,2.1806743073968686,2.156212056088384,2.157905542986896,2.159633942273861,2.266856146070914,0.484375,,,0.5228635026988274,0.5996821857678475,1.738719355845038,0.24276652675397087,0.1298110230673437,0.05002639517998839,0.15870366435894656,0.052883037145865994,0.5004661552651717,0.35332987671496835,0.9948678759226341,0.7021299258162048,7.142485446077427,1.6175202748420499,0.22646462314184676,0.1409627018970312,0.052273920092060694,0.16640690786166612,0.05360254660798641,0.48800702199549484,0.31926687572684204,0.9342961974018831,0.6126564122700512
70,train,received,0.6142151951789856,66.5,68.4375,1.185546875,1.7978515625,2.005859375,27,7,2.537109375,3.994140625,2.539704301403973,2.5397445457116072,2.53979565112977,2.55815044301318,2.5429501094368283,2.544469715688358,2.5463037583037553,2.643642280962972,0.364501953125,,,1.9912109375,0.35001361556352073,0.44815455458417347,7.162105003080282,1.586257722220545,0.22147926085115008,0.12767509300751456,0.04089302395234552,0.1480332877549504,0.0419553401727967,0.480595381011641,0.24725170027005303,0.8731299218561555,0.44908303655184095,7.143196742879164,1.454386091988951,0.20360437271152926,0.1387415828512495,0.04286504913815282,0.1581510875675809,0.043412909061657665,0.4676729803688797,0.22671042827058088,0.8193693595747371,0.39700037639049235,21,7,2.212890625,4.1875,2.213640669076816,2.213683939893964,2.213731266900175,2.2334178611743862,2.216113377255713,2.217705669956702,2.219374914617036,2.3233973071826357,0.4716796875,,,0.5111260939842116,0.5986352152837981,1.7488062770723811,0.2441749005802419,0.1378523525222377,0.05229539589403062,0.16102516127063904,0.052930267675991065,0.5004659544787673,0.34334715608193933,0.9948341796589464,0.6822764465318196,7.143196742879164,1.6079674102570305,0.22510473505576678,0.1492200792081846,0.05400289876070818,0.17148525370292678,0.05410601177493565,0.48718115573938103,0.3065294764969788,0.9353864247688435,0.5881523979476201
71,train,received,0.5992683172225952,67.125,68.625,1.181640625,1.8046875,2.005859375,29,8,2.54296875,3.994140625,2.5419710520993837,2.5420102118068093,2.542060065504872,2.5603082201835092,2.5327886864940936,2.534316702696138,2.5361597446416835,2.6341575960578676,0.36328125,,,2.064453125,0.36069953773380076,0.4552588823247335,7.162105003080282,1.5880421941287879,0.22172841552110753,0.1292204406160593,0.041302321155440254,0.14249275337495781,0.040311070147408694,0.4806010071677793,0.24643362427109824,0.873411087963075,0.4477364430847667,7.139259610604136,1.4717006111779742,0.20614190986863923,0.14174113855390402,0.04399060552456695,0.15548615635714214,0.04286525982679406,0.4675131840505795,0.22794730931340837,0.8229792241227898,0.40173168319845476,24,8,2.216796875,4.1875,2.216495734165897,2.216538016436829,2.216584584729397,2.236194607152656,2.2139157633528277,2.215567836104389,2.217292356652769,2.322715959913289,0.470947265625,,,0.5234261311771263,0.6007652984731948,1.748101285775363,0.2440764670475424,0.14038171307933212,0.05316510521609953,0.15448839199769004,0.05070734593029456,0.5004656492120345,0.3423010725055079,0.9948673698694961,0.6802215593180568,7.139259610604136,1.6246797080230735,0.22756977566831896,0.1520661134722454,0.05542982816414617,0.1677083429192141,0.053263664702984374,0.48685431681395386,0.30964627104457176,0.9386493496069725,0.5979036015328814
72,train,received,0.6084461212158203,67.0625,68.9375,1.177734375,1.7998046875,2.005859375,32,10,2.55859375,3.994140625,2.559512516083703,2.5595507378902536,2.5595996382578936,2.577557815052062,2.542590354038476,2.5441030136146625,2.545917037117819,2.643231436700195,0.359130859375,,,1.970703125,0.3555554835171271,0.4523617489963596,7.162105003080282,1.5878527508157356,0.22170196473422701,0.13034353852361846,0.0414453090398294,0.14126614246758962,0.03978057562713794,0.480071111427522,0.24412100848616392,0.871806803891606,0.4432096600423265,7.140408425557451,1.456838205692415,0.20402729351979326,0.143557790606744,0.044145032902467324,0.15475036943891496,0.04227402843993,0.4656218687010787,0.22365981782876354,0.8188684229324235,0.3933936863297562,29,10,2.234375,4.1875,2.233075406226798,2.233116282833542,2.233161588313399,2.252473790294966,2.2246357525038287,2.2262641619551795,2.2279719431933485,2.3326360364042737,0.466552734375,,,0.5111770294979421,0.5960211671700946,1.7504276528900324,0.24440128316147383,0.14221071084914705,0.05353794223887416,0.15338248047812542,0.05008503602639255,0.5004652449752003,0.33864710547536997,0.994832867024555,0.6729400517723672,7.140408425557451,1.6104951116689699,0.22554663762713806,0.15435202997131636,0.055614605189263006,0.16673925202511874,0.052366582501185054,0.48517208584983074,0.30223900219936517,0.9346037889043091,0.5823154592229781
73,train,received,0.5941880345344543,67.1875,68.6875,1.173828125,1.80859375,2.005859375,29,8,2.572265625,3.994140625,2.5702835852224335,2.5703202934739324,2.5703674632348146,2.5881544475540124,2.5657533875135052,2.5672227054589265,2.5689974158648603,2.665043804557323,0.35595703125,,,2.0078125,0.35458737165698073,0.4508645271158523,7.162105003080282,1.606395821859023,0.22429101795745013,0.13338960036066183,0.04249464508314131,0.1610180681736324,0.04541918627256594,0.47989253093002127,0.2447743288613464,0.8711761988233304,0.44423924579239366,7.142616901079817,1.5018364438938407,0.21026417413858411,0.1438765178268806,0.04462215329740703,0.172352495671392,0.047449723688193744,0.468405698634232,0.2281505556950319,0.8306065806297553,0.4044915698809726,26,8,2.244140625,4.1875,2.244892180185699,2.2449324393040415,2.2449773373932054,2.264157574510932,2.2392526961237404,2.240897035825721,2.2426270267498754,2.3473854785051276,0.464111328125,,,0.5130116004942126,0.5978098029034352,1.7698234702165014,0.24710940002350354,0.1443326869998076,0.05449111530318848,0.17419210989247524,0.057020206997433695,0.5004654315353685,0.34037978937327423,0.994831963038342,0.6763811021843452,7.142616901079817,1.654494441964693,0.2316370127193252,0.15512275039113188,0.05651284407093033,0.18527333763469933,0.05876282807179001,0.4879139242931432,0.31005480744452435,0.9475395956727857,0.6019790831379326
74,train,received,0.5911455154418945,67.75,69.1875,1.169921875,1.8076171875,2.005859375,30,9,2.546875,3.994140625,2.5447125537202897,2.5447515705159054,2.5448009659055537,2.563001385461237,2.554119918353523,2.5556772339157985,2.5575601596716666,2.6555944298776586,0.3623046875,,,1.9541015625,0.3609482200526317,0.46441118891397437,7.162105003080282,1.6038965320771839,0.22394205773126463,0.1304738653208215,0.041886904584320164,0.1599135265859477,0.045415925850819716,0.48058141261697074,0.24817204499253395,0.8737748508206424,0.45110027849317447,7.139543093617551,1.4971333044741497,0.2096959546070285,0.14019409153417772,0.04374210867938352,0.16874732774606915,0.046731447493255154,0.4689600166235719,0.23079144277091554,0.8186274592745848,0.40245293108680125,25,9,2.212890625,4.1875,2.2132067491802596,2.213249626484943,2.2132965743878024,2.232916955958741,2.210149933659451,2.2118190135175126,2.213555187852834,2.3192506700951836,0.471435546875,,,0.5190558463327398,0.6011860432848197,1.764981450187213,0.24643333900133113,0.14155175582494284,0.05401980298883435,0.17167924022213654,0.05672442471971333,0.5004658635126971,0.3470770153527413,0.9948340886928788,0.6896856609567348,7.139543093617551,1.6510472953269706,0.2312539155065731,0.1510238833159825,0.05558134562775534,0.18181154194715976,0.05821405234206645,0.4891502093299742,0.31678273339776514,0.9361367121320079,0.605424166216503
75,train,received,0.6097080111503601,67.0,69.0625,1.166015625,1.8037109375,2.005859375,28,8,2.55078125,3.994140625,2.5510342340473446,2.5510746360922067,2.5511259284956602,2.569494415953642,2.5451979433732617,2.546742214455993,2.5486058647450442,2.6467189926568104,0.361083984375,,,1.984375,0.3691520497328485,0.4570643230381687,7.162105003080282,1.6054743415702215,0.22416235741862736,0.13666210590687555,0.04380020713121839,0.15729137435226725,0.044605145550638416,0.48043795216036855,0.24743144333124545,0.8726146294545005,0.4492913295744273,7.142542032789623,1.4709849188715514,0.20594697407710416,0.14566341039475184,0.044968956665339496,0.16885975525901564,0.04632501663772708,0.46461128320833645,0.22483149553735718,0.8208528139014621,0.3971451979977425,22,8,2.21875,4.1875,2.219314884835559,2.219359498150926,2.219408247094982,2.2392572230543806,2.1985782386607653,2.2002625292877416,2.202009940396834,2.3083980461803013,0.469970703125,,,0.5288838126343626,0.602431235317858,1.7669924140045898,0.2467141173223013,0.14880294809208028,0.05666253221978023,0.1694066336293032,0.055867244839021675,0.500466174876725,0.3456967512864276,0.9948678955341865,0.6869667682569868,7.142542032789623,1.6237359050981062,0.22733305560456502,0.1577144528734875,0.05724695672103973,0.1808869117662324,0.05722649911200665,0.48396312975401834,0.30586598378887914,0.9369997952516211,0.5920379099207205
76,train,received,0.6075640916824341,66.75,68.5,1.162109375,1.80078125,2.005859375,27,8,2.515625,3.994140625,2.5158773194523834,2.515918725553232,2.515970674125666,2.5345538024570486,2.5189788410781104,2.520487781049784,2.522278345871476,2.6199627971736303,0.369873046875,,,1.9072265625,0.354122455207919,0.45201311017390633,7.162105003080282,1.582866546306807,0.22100577213347847,0.13023331849930564,0.0419406468974386,0.1418948624657883,0.04041020170482134,0.48022137387982156,0.24923801535677184,0.8717695563176298,0.45233646006108275,7.141212115683973,1.4664353713604092,0.20534824447235406,0.1432167598346128,0.0446999805099527,0.15580351639073342,0.043154463172673484,0.4701437058525375,0.23147653255362013,0.8239951838043034,0.4055750360844016,22,8,2.171875,4.1875,2.171073015131151,2.1711172485396886,2.171165004140058,2.1911860387130746,2.170950970744963,2.1726312200892774,2.1743570141955444,2.281062748780748,0.481689453125,,,0.5225152821298059,0.6034342390201031,1.740229671964828,0.24297740276306884,0.14062402987020928,0.05403930821809918,0.15236529877492888,0.05064602661486802,0.500466424992231,0.35149277004999857,0.9948681456496944,0.6984803619615501,7.141212115683973,1.6168566685101124,0.22641207715411107,0.1538135991275027,0.05677403964789815,0.16709295179350825,0.0536304310318531,0.4894215592287967,0.3185647702097645,0.9390458585943193,0.6109840341538733
77,train,received,0.604462206363678,67.0625,68.8125,1.158203125,1.8037109375,2.005859375,23,8,2.5078125,3.994140625,2.506892031350896,2.5069329445810737,2.5069843079170435,2.5255998435911535,2.492817529105891,2.4943860584080184,2.496224057934695,2.5958817195634256,0.3720703125,,,2.125,0.3531068241853697,0.45526576074094127,7.162105003080282,1.594364508311207,0.22261116077263624,0.1318620210176178,0.042736141428642405,0.15839207260918542,0.045362803617175,0.4806109056507495,0.2520155211464236,0.8735839137686634,0.45795650084837425,7.143644749330334,1.465627025523577,0.20516516105605184,0.14137158112734038,0.04420859729628605,0.16948957725174463,0.047055820182281625,0.4680329664217098,0.23123366549027075,0.8094045379139221,0.3999526731463663,24,9,2.16015625,4.1875,2.160613182296801,2.1606573326836775,2.160704899035075,2.180729992860709,2.153274768760451,2.15497547015791,2.1567190950478237,2.264513046137953,0.484375,,,0.5159156602331277,0.6021158058413689,1.7543153281061996,0.24494409497650518,0.14125606387848144,0.05478270069806552,0.16952459289247024,0.05679862182119865,0.5004666323381315,0.35746178884664803,0.9948683529955904,0.7103375041832354,7.143644749330334,1.6200001707854028,0.22677501858379315,0.15047053572628943,0.05574864289195666,0.17970022055581314,0.057909117459261535,0.4876056476688868,0.31967257447770275,0.9241325478792124,0.6059846425103258
78,train,received,0.5853919386863708,67.5625,69.0625,1.154296875,1.80859375,2.005859375,27,7,2.552734375,3.994140625,2.551089698145935,2.551132139051171,2.5511854103654943,2.5697774915339284,2.545241673849552,2.54680432157947,2.548682541520838,2.6471523799074683,0.36083984375,,,2.013671875,0.39001717420453286,0.4837169309372591,7.162105003080282,1.6098353809956145,0.22477126212241452,0.14192381877213833,0.04558765239018286,0.1593404656081816,0.045275044390746866,0.48043960164363675,0.2483168992218549,0.8723969937962908,0.45078473890468623,7.140469975667706,1.5117184657691767,0.21171133985866467,0.1550809398052646,0.04849262485655845,0.17133514430982455,0.04754883845557706,0.46853034463873655,0.23141184221456054,0.8250112558125187,0.4072245530410812,21,7,2.21875,4.1875,2.218050954565818,2.2180977246879237,2.2181485720577707,2.238238987133604,2.2280185549074716,2.2296935154216553,2.2314458101673598,2.3370155750351684,0.47021484375,,,0.528206558821409,0.6021871855924701,1.7732203831219517,0.24758368976150505,0.15339685208601495,0.05853221134290997,0.17226197572565116,0.05691024328985712,0.5004666579481611,0.3469915085873017,0.9948683786056218,0.6895384792836813,7.140469975667706,1.6662189072599665,0.2333486329244257,0.16658538255849464,0.06149676232807704,0.18501159281438984,0.05940965035612211,0.48842110399361705,0.3180907825980193,0.944482854962148,0.6145960756534984
79,train,received,0.59959477186203,67.5,69.125,1.150390625,1.8076171875,2.005859375,25,7,2.533203125,3.994140625,2.5299382015667815,2.5299816413687615,2.530035884143318,2.548884371012516,2.522071980219821,2.523659892751563,2.5255302704630824,2.6250122496494885,0.365478515625,,,1.919921875,0.37534487749225554,0.46840594065792523,7.162105003080282,1.6140099475873995,0.2253541307888177,0.13902969897930184,0.0449476132690474,0.16301582613316334,0.0465848586562898,0.4800558910497923,0.2507177372907315,0.870584741804433,0.45455945522403635,7.145901126593678,1.4930665853534353,0.20894028043530363,0.15583244864640733,0.048788282896623944,0.17413380646622567,0.048351461432567404,0.46866345122420583,0.23185694776291263,0.8264728884264336,0.4088383401086381,20,7,2.19140625,4.1875,2.1911654066697683,2.1912131720937387,2.1912646000915466,2.211549542568763,2.1889187500276543,2.190609551151844,2.1923653290481213,2.299279478410268,0.476806640625,,,0.52250900463933,0.6008389794648601,1.7743866277853577,0.24774652522159735,0.15034426612761376,0.058058159151501754,0.17466837178634798,0.05830584115458649,0.50046671495691,0.35465851106002083,0.9948684356143715,0.7047688325191127,7.145901126593678,1.6472540648407632,0.2305173323362199,0.16684075613556804,0.06172804794277425,0.18583077111945467,0.059748849696211984,0.48784418117444694,0.3188256371707438,0.9412448798565771,0.6150736847537526
80,train,received,0.6051218509674072,67.25,69.125,1.146484375,1.806640625,2.005859375,26,7,2.541015625,3.994140625,2.540622494402609,2.5406651412207175,2.540718638115008,2.559337273411017,2.5448947158962505,2.5464491170755625,2.5483238808709086,2.6466767511075058,0.36376953125,,,1.9423828125,0.3519451947723118,0.44110256640871515,7.162105003080282,1.6147464935476377,0.22545697010210916,0.14266524594706276,0.04604499367336639,0.16158170491998192,0.046106016833123216,0.4805683995970469,0.250300672188127,0.8729421792344612,0.454547195911904,7.139308874580201,1.4823248328892205,0.2076286176897456,0.1524293983428091,0.04745005436098581,0.17141966530914843,0.047372546755561906,0.467105865647536,0.2287372253380564,0.8106937149323787,0.39721996527532255,21,7,2.201171875,4.1875,2.1998203596492414,2.1998659499235593,2.199915477804352,2.2200026990324715,2.195119405894905,2.1967876622794,2.198522023253944,2.3047578075038846,0.474609375,,,0.5136865368859128,0.5962635634714878,1.7757082495888663,0.24793105502155702,0.15395944037504083,0.05930086191670407,0.1745126381437263,0.05812391866531801,0.5004665940389232,0.3529832156469279,0.9948683146963848,0.7014409859309269,7.139308874580201,1.6348876554928022,0.22899802827047952,0.16378100609582447,0.0602469993277264,0.18352625915505083,0.05873556415998924,0.48687731623559927,0.31448328626523153,0.9277019728776716,0.599680471025086
81,train,received,0.5955668687820435,67.8125,69.6875,1.142578125,1.8076171875,2.005859375,27,8,2.546875,3.994140625,2.5439906152826657,2.5440324078812515,2.5440851580198083,2.5626800628941004,2.543558654733968,2.5451198142498637,2.547038642570064,2.6459047679877195,0.3623046875,,,1.9912109375,0.35952601837081816,0.4579442624036842,7.162105003080282,1.6223184789032792,0.22651419913636445,0.14438660038740814,0.04660557398966557,0.16840288283245108,0.04805695664010829,0.4805623378595012,0.2503409939397733,0.8728532896402568,0.45457984083080594,7.142396759876407,1.5058725663634784,0.21083574841752928,0.1572316288118376,0.04913592973107939,0.18023927069543078,0.049996620970467406,0.46748712499526235,0.23066482843281075,0.8220189582117863,0.40576994238814945,22,8,2.20703125,4.1875,2.2068105656928214,2.206856230638576,2.206905979550298,2.226949385775571,2.206731308251216,2.2084070397647992,2.210156039668852,2.316389865121093,0.473388671875,,,0.5168230845078153,0.5990717155947652,1.7844977212639765,0.24915827406837776,0.15643353982725294,0.06027088054806938,0.18075865573873262,0.060218987292533104,0.5004665475003343,0.3531662885862225,0.9948347726805151,0.7017810600184223,7.142396759876407,1.6604117526022821,0.23247262906618676,0.16966207416735468,0.06278710918466014,0.1938479338575405,0.06238514339561172,0.48750379243126307,0.31885021116398604,0.9407496959044988,0.6156441896277574
82,train,received,0.5890628695487976,67.9375,69.5,1.138671875,1.8056640625,2.005859375,28,8,2.560546875,3.994140625,2.560703465452546,2.5607450904501055,2.5607977927847183,2.579237705583662,2.5464919662541425,2.5480510773423086,2.5499052881838864,2.6481610353258316,0.35888671875,,,1.9541015625,0.36163022674513234,0.45797069887722963,7.162105003080282,1.626493451674008,0.2270971245149973,0.1478153281027499,0.04757347064286575,0.1663621398187285,0.047352416142940425,0.48058394256981174,0.24917862803068078,0.8725858776712778,0.4523107650681342,7.140052126017872,1.5195545662670304,0.21282121467011078,0.1579694722455116,0.0494835401645901,0.17655730391280589,0.04905108350238178,0.4703853254862347,0.23275451764016142,0.8324260005198472,0.41179760408320815,24,8,2.224609375,4.1875,2.2242114024562927,2.2242576976294592,2.224308297359843,2.2443145700270204,2.2182998001266263,2.2199470133555717,2.221679655046312,2.3272750923597805,0.468994140625,,,0.5205757579150939,0.6014794209715872,1.78943754646366,0.24984799101577787,0.16108582246386938,0.06182448318433319,0.17920114928325148,0.05950135523303822,0.5004663776775828,0.3506848767304497,0.9948680983350418,0.6968755263841188,7.140052126017872,1.675830658590479,0.23470846276932128,0.17120924264651993,0.06337577125412618,0.19025598774075014,0.06120335787958557,0.48989879770809797,0.32017848060043463,0.9483035070677719,0.6195735790863308
83,train,received,0.5976582765579224,67.0,68.875,1.134765625,1.80078125,2.005859375,27,8,2.5546875,3.994140625,2.5524462309334894,2.5524867629325363,2.552538207587703,2.570932956817169,2.5506974446186796,2.552234869258804,2.55410137375934,2.652218191895,0.3603515625,,,2.091796875,0.3554835704109384,0.45113548737146125,7.162105003080282,1.6267543700833897,0.22713355492327386,0.14498130993438352,0.04677350014121618,0.17361418204400714,0.04952160113907995,0.4805719666550683,0.25013856237724735,0.8730349473124877,0.45429778301460827,7.143960653281969,1.5140911069451195,0.21194001205053375,0.15870987998370634,0.04959452417031589,0.18759464263755365,0.05201370920278333,0.470751227379278,0.2322831337914826,0.8224939834603999,0.4059105450398161,21,8,2.208984375,4.1875,2.2097942782872533,2.2098408091098176,2.209891512207474,2.2299422983999304,2.210740819075526,2.212386891061929,2.2141171623700973,2.319651589883926,0.47265625,,,0.5122178745190374,0.5969331251497888,1.789184501925313,0.2498126599869479,0.15627929454486367,0.060253157773272836,0.1868513179336615,0.06228601038398639,0.5004663453161458,0.3536144482687279,0.9948680659736082,0.7026950879961014,7.143960653281969,1.664042299664517,0.2329299362672229,0.17039500950275066,0.06307449695951522,0.20151660340759037,0.06483850401709333,0.49058439385697117,0.3210701980045852,0.9389626149080517,0.6146519410740869
84,train,received,0.5883700251579285,67.5625,69.0625,1.130859375,1.8046875,2.005859375,27,8,2.537109375,3.994140625,2.5365622830049577,2.5366043462933305,2.5366572297463046,2.555205683035932,2.540893928976868,2.542448948815655,2.544334978820855,2.642807780841586,0.364501953125,,,1.9228515625,0.3535348845509046,0.4505141200694416,7.162105003080282,1.6283113155551194,0.22735094149762036,0.14991378561562207,0.048668790516319824,0.17248884663023745,0.04947382489545834,0.4805295509100862,0.2526626123851099,0.8730764831664528,0.4589430444704033,7.142539986302486,1.5192686709669827,0.2127070585366747,0.16186877577543424,0.05098324684313405,0.18084606602484854,0.05051479409846701,0.47003359791404886,0.2348563052281226,0.8254935498258282,0.41264853518147887,23,8,2.185546875,4.1875,2.185497062806598,2.185543552522419,2.1855939441025036,2.2057470427518404,2.1811479256749116,2.1828262862769883,2.184576535964044,2.291623140535334,0.47802734375,,,0.5185469999831027,0.600786687065869,1.7895465751869368,0.2498632140156124,0.1611844825506772,0.06275915599492222,0.1844234271117502,0.06200183828077605,0.5004664921717064,0.3600791341917473,0.9948682128291662,0.7155368410548661,7.142539986302486,1.6726735262308594,0.23418469192172636,0.17257888939666,0.06461183379236723,0.19264101660222188,0.06262444203207862,0.4895075116757637,0.32689686821770664,0.9414338041147081,0.6290708486629757
85,train,received,0.5859082341194153,67.8125,69.375,1.126953125,1.8017578125,2.005859375,28,8,2.533203125,3.994140625,2.532552703282385,2.5325943547059087,2.532646752687989,2.5511289347856927,2.5266773776359224,2.5281950598913676,2.5300006776320796,2.627829606781308,0.36572265625,,,1.9423828125,0.35481030117637885,0.45532615019071243,7.162105003080282,1.6299712701664615,0.22758271059492183,0.15621996466857624,0.0507956002206093,0.16948938310233252,0.04868085567078328,0.4803665280302294,0.25321908373204094,0.8722056167266468,0.4596506761180911,7.145261995057854,1.5239068961530187,0.21327516012807585,0.16855353726247824,0.053239044780529744,0.18012747250075467,0.05040033424815048,0.4691179738907554,0.23515711041593404,0.8317902203936463,0.41702989579864397,24,8,2.177734375,4.1875,2.1774713121420866,2.1775180004745165,2.177568398270914,2.1977113944012383,2.183342299677859,2.18500098744433,2.186727620769978,2.29282428559176,0.47998046875,,,0.5085727871075891,0.5962722279301309,1.7916969187083667,0.25016345305434545,0.16724401215926665,0.0653137793649821,0.18014794939865997,0.06072120349438092,0.5004665669616202,0.36207953735157905,0.9948337907638347,0.7194855307653388,7.145261995057854,1.6769037200643497,0.23468750638174074,0.18042675016508625,0.06794891946502221,0.1922916059630495,0.062772958239861,0.48852554068560394,0.3291359841724361,0.9488247123882587,0.6394079434581658
86,train,received,0.5903468132019043,67.875,69.5625,1.123046875,1.8056640625,2.005859375,32,8,2.546875,3.994140625,2.544942993873734,2.544983091998238,2.5450338860261534,2.5633223827285065,2.5367882059813653,2.5383389129864327,2.540184688102176,2.6383778499796056,0.3623046875,,,1.9111328125,0.3623408081378918,0.4543354263290867,7.162105003080282,1.6305301788831255,0.2276607475290946,0.15174763530781554,0.04914601125452761,0.17158433257565164,0.04911009804685664,0.4804841378660001,0.2516590333068787,0.8727973723269669,0.45701763942305257,7.142974151275141,1.5150926394279565,0.21210949491641196,0.16292115674765206,0.05111933967710443,0.18335654264890167,0.05103280650711748,0.4693833118562516,0.23302007759956148,0.8265835563829924,0.4103617112523175,25,8,2.197265625,4.1875,2.198557892304195,2.1986029919673564,2.198652177945671,2.2185800728140705,2.1980507891712384,2.1997292556720227,2.2014825325880985,2.3079548931713942,0.475341796875,,,0.516486084331455,0.596872383063413,1.7898665537979177,0.2499078906310548,0.16237517221748465,0.06292171951414456,0.1833586432584564,0.06139025548832421,0.5004664318895022,0.3569235308283833,0.994868152546962,0.7092684168339842,7.142974151275141,1.6689281412957273,0.23364611238272445,0.17457343789088586,0.06498030065494763,0.19584078623965695,0.06332971149697125,0.48879108601457943,0.3228832945937463,0.9428386636954142,0.6228433155672436
87,train,received,0.589114248752594,68.0,69.6875,1.119140625,1.7998046875,2.005859375,30,8,2.5625,3.994140625,2.5623559778173823,2.562395564849212,2.5624457451468783,2.5805566933321775,2.5613178756919983,2.562811117291614,2.564611503472627,2.6609420798953884,0.358154296875,,,1.966796875,0.374129664547501,0.4655463059665325,7.162105003080282,1.6405793954047398,0.22906385688274028,0.15030060386254718,0.04855132650361591,0.18521993782445456,0.0528914759775127,0.480327503030356,0.25052521645889975,0.8719428720667155,0.4546619006759481,7.144673490521505,1.5258387348189055,0.21356311619322596,0.16314792138104828,0.05113349473080627,0.19821530034782242,0.055091167139646444,0.46985106204527494,0.23262228384915068,0.8248106147108922,0.4086202396477351,25,9,2.220703125,4.1875,2.221192922574408,2.2212366726733928,2.2212847618729445,2.240932465230859,2.2236098941335247,2.2252630816029875,2.226996988518178,2.3319735878845966,0.4697265625,,,0.518128173857917,0.5962588811302135,1.8021810006608896,0.2516272799527243,0.16143466165906428,0.062326833649544826,0.1989287864951068,0.06639121443326755,0.5004661756047781,0.3545111544009723,0.9948326027576266,0.7044514981164443,7.144673490521505,1.6814725024529693,0.23534630444396068,0.17440846632418872,0.06470770299561325,0.21131876598063037,0.06810909669471255,0.4890617317020496,0.32080070609182,0.9400610724123162,0.6171510381008476
88,train,received,0.5914355516433716,68.1875,70.0625,1.115234375,1.806640625,2.005859375,31,8,2.572265625,3.994140625,2.571804616401245,2.571845685698134,2.571897396031072,2.5899788941812294,2.5561348842336793,2.557641728741472,2.5594538126565984,2.656333047320273,0.355712890625,,,1.98828125,0.3435722162734676,0.44860895906773907,7.162105003080282,1.641251491689744,0.22915769749031517,0.15433254505766314,0.049704937984066215,0.18094620815115547,0.05153466758851407,0.4804615560079526,0.24938951765319708,0.8723597052275176,0.4526913900915042,7.139574009070126,1.5242489853624646,0.21349298759646673,0.17132345171128804,0.053436123152620904,0.19293708504186036,0.053444559391896816,0.4687440598186665,0.23055931075175717,0.8156469533019877,0.40130419657830496,26,8,2.234375,4.1875,2.234398105641126,2.234443247172885,2.2344928051451176,2.25423984934346,2.2339550288102177,2.235568915640844,2.2372739898161007,2.341343077852105,0.46630859375,,,0.5011424305071523,0.5961242065676234,1.8032531538820513,0.25177697801226134,0.16754898232615112,0.06431438317615823,0.1933902229437976,0.064220724959947,0.5004661339918242,0.3507778136581103,0.9947991218844159,0.6970121548911999,7.139574009070126,1.6771284702676135,0.23490595771358164,0.18451434818720713,0.0680498773816874,0.20697702991587796,0.06643751937122533,0.4884066590283309,0.3174778525456604,0.9322095125399832,0.6061917959117074
89,train,received,0.5802856087684631,67.875,69.4375,1.111328125,1.8037109375,2.005859375,31,9,2.56640625,3.994140625,2.5652619863837134,2.5653033785808073,2.5653554014966495,2.5835300185945376,2.5757806831225185,2.577283898487046,2.5791061697591418,2.6750717490532985,0.357177734375,,,1.9736328125,0.33974105099929364,0.446674821720106,7.162105003080282,1.6474964563512438,0.23002964291122338,0.16217226624384118,0.05248032563372643,0.18415274774284285,0.052670231133622736,0.48040647427197847,0.2512940727880572,0.8722156621746882,0.456124588839863,7.138366045601053,1.5463429571040606,0.21662421725444844,0.17081323479653676,0.053871034442252066,0.19457096682958408,0.054387069448844264,0.4726231812756483,0.23628605001201203,0.827352633234554,0.4135270591712044,26,9,2.2265625,4.1875,2.226233265809855,2.2262779493454956,2.226326941537757,2.2460680739748318,2.2203111556452875,2.2219681176481725,2.223704489594278,2.3289572461954973,0.46826171875,,,0.5075064524013091,0.5991460384806716,1.8146218319850749,0.2533643155475438,0.17650615328244879,0.06833738292546929,0.1982462936788112,0.06632429748336667,0.5004664308437121,0.35634571422457373,0.9948681515011719,0.7081206060604686,7.138366045601053,1.7036425918126867,0.23866002120506827,0.18457762775835374,0.06902772575618364,0.20763574290009235,0.0673987641530477,0.49202577579378026,0.3272754676580194,0.9422864077667272,0.6265597131463012
90,train,received,0.5921483039855957,67.625,69.3125,1.107421875,1.8046875,2.005859375,33,8,2.6015625,3.994140625,2.601838355356748,2.601878512045117,2.601929482038422,2.6197375176709428,2.586515566905656,2.587982573340162,2.589747317860821,2.6844824292040013,0.348388671875,,,2.005859375,0.35148789321507173,0.44740642695491906,7.162105003080282,1.6472126172400405,0.22999001222847282,0.16272637840838833,0.052057250256457646,0.1820900902700071,0.051553030407865484,0.48064950636729264,0.24680479678502457,0.8732888650449153,0.4483026620538067,7.14484041912492,1.5256572077737331,0.21353271987572137,0.17302351518497705,0.05350378478492311,0.18921212654474306,0.051959775784780976,0.46755416148222295,0.22669139184585047,0.8194227043545048,0.39739142063195154,26,8,2.2734375,4.1875,2.271318406448626,2.2713629930215533,2.2714120037948398,2.290801838473986,2.2659545622125385,2.2675459554489032,2.26923211560115,2.3719052418112905,0.45751953125,,,0.5073683165753518,0.5942678720003229,1.811505856472729,0.25292925134351363,0.17578217222454828,0.06675133700403632,0.19567089160211548,0.06437455203405974,0.5004659599722423,0.34397116061304667,0.9948676806297021,0.683539009558029,7.14484041912492,1.6797243443527519,0.23509613172836683,0.18555150316959335,0.0674938684372833,0.20213813024804317,0.06403226368006967,0.48688964465128315,0.3085838426423621,0.9355239132010231,0.5931136577267673
91,train,received,0.5957093238830566,67.875,69.8125,1.103515625,1.8046875,2.005859375,33,9,2.580078125,3.994140625,2.5787963793358353,2.5788367414337343,2.578887899289061,2.596944265899854,2.576845817564344,2.5783597475132307,2.5802128748226405,2.676418772344535,0.35400390625,,,1.9794921875,0.3471874413059821,0.4446546347890888,7.162105003080282,1.6555870802497101,0.23115928620673312,0.16704479551848195,0.053982736788695494,0.19094017067653013,0.05454510333750273,0.4806936431576343,0.25088550939792387,0.8735377653494654,0.45580107794029157,7.14273606047966,1.5243170741324428,0.21340800797139906,0.1790122812508006,0.055805579299087006,0.20211896118940675,0.0559131757054623,0.4681308780137856,0.23003347459258344,0.8220705005974791,0.40412354172892917,27,9,2.240234375,4.1875,2.2405803667504216,2.240625787818415,2.240675387546955,2.260339161469774,2.2417973311145487,2.2434304250459673,2.245145280449076,2.349014965035213,0.465087890625,,,0.506755791342735,0.5969640765419946,1.8201489101398143,0.2541360269581364,0.178723657578586,0.06891775265849276,0.2031887875903049,0.06774156222139403,0.5004664742049219,0.35372004522201045,0.9948681948623834,0.7029047638414203,7.14273606047966,1.6798388041191,0.23518141926222777,0.19120406534363177,0.07033619774113405,0.21430637610457826,0.0685666829647762,0.48705700286930576,0.31510414471437437,0.9358397313220692,0.6057794867762378
92,train,received,0.5915953516960144,67.4375,69.375,1.1005859375,1.8095703125,2.005859375,30,8,2.61328125,3.994140625,2.61429741904192,2.614336989008004,2.6143874681355768,2.6321984097113584,2.6126546502203367,2.614142750669158,2.6159439223643943,2.710577548549932,0.345458984375,,,2.126953125,0.34986361594894966,0.450256376159165,7.162105003080282,1.6519579587951694,0.23065257463897756,0.16340597919984567,0.052217078755582146,0.19134209504767163,0.054119626512765334,0.48060592194808116,0.24634639060190663,0.8728948636321681,0.4473088806266344,7.143058036465423,1.5288398822354465,0.2140315638527218,0.17392575054299542,0.053662120285892546,0.2030296519066086,0.055673984366543146,0.46767588843768415,0.22609896215735992,0.8131224838002256,0.3929626387958614,25,8,2.28515625,4.1875,2.284217181975256,2.2842622636289995,2.2843120627502316,2.3038724549453287,2.287351456746179,2.288977320639845,2.2907018154289256,2.393788053432106,0.454345703125,,,0.5098622303799324,0.5989232155402697,1.82055133601038,0.25419221516961793,0.17562812129296024,0.06657121458768381,0.2043189804215233,0.06711349253060533,0.5004663312077486,0.3428377491514444,0.9948680518652102,0.6812872175896396,7.143058036465423,1.683335313912536,0.23566031597658635,0.18726218867682043,0.06792132425861146,0.2160791016749437,0.06832155337139108,0.4871405900104797,0.3074653597340339,0.9280018432910717,0.5854422528978787
93,train,received,0.5891084671020508,67.9375,69.625,1.0966796875,1.8017578125,2.005859375,32,8,2.578125,3.994140625,2.575874177998869,2.575916391768569,2.5759693634345626,2.5942019026746155,2.580964519886624,2.5824704313668887,2.584321149347098,2.6804399455233003,0.354248046875,,,1.9814453125,0.34957341503108064,0.4521548553191937,7.162105003080282,1.646213193289813,0.22985046890290056,0.15797811329109734,0.05091527882819589,0.1876971985180429,0.05349105822884598,0.48026784448008186,0.249575221193078,0.87162828082199,0.45283107639536296,7.143618595328948,1.5391068121237659,0.2154519857947278,0.1704604023177012,0.05332897823933841,0.20184788459896286,0.056022304712145754,0.4697155396762618,0.23219723691841915,0.8212101261594089,0.40567624701031874,25,8,2.240234375,4.1875,2.2393077742962313,2.239353085956503,2.2394028017330427,2.259203528307909,2.2334852600839175,2.235139400113584,2.2368774562223637,2.341847248248673,0.465087890625,,,0.5045001828964238,0.5952747786777202,1.8127738302939882,0.2531062906107003,0.17017787053019795,0.06542789513607257,0.2000780494305081,0.06653345413369575,0.5004665908901647,0.3518031516131652,0.9948340756380007,0.6990727569650383,7.143618595328948,1.6945513439730888,0.23721190057390773,0.1832591373751944,0.06782797795797632,0.21585299328700813,0.06944138380740897,0.48949461096659785,0.32027752648291397,0.9387747157503457,0.6136872318003564
94,train,received,0.5868279337882996,68.1875,69.8125,1.0927734375,1.8076171875,2.005859375,32,9,2.58203125,3.994140625,2.5824136639171456,2.5824536930973645,2.5825045558734208,2.600566521970747,2.5865065563321283,2.587975334476363,2.5897851390865076,2.685154510682841,0.353271484375,,,2.025390625,0.37410349234095075,0.46682316315985317,7.162105003080282,1.6467632659846774,0.22992727211852332,0.1638994688044253,0.052725199709542606,0.1772761698430223,0.05043789897931689,0.4804426553786634,0.24891633792593085,0.8725985868793034,0.45197420046068343,7.14014296471317,1.5347206586968394,0.21494256715607535,0.17908181480508834,0.055883021473052664,0.19064246503564775,0.05280376535229486,0.4677342999412524,0.23013562444109964,0.8206984851354022,0.4037247726203691,27,9,2.24609375,4.1875,2.243673931893155,2.2437205091640413,2.2437715217471177,2.263653950361811,2.240241157477108,2.2419034926346693,2.2436555054959366,2.348760832090489,0.4638671875,,,0.5163294601076461,0.5958012038708136,1.810537208699028,0.2527940051032973,0.17641718056582967,0.06767226353983882,0.1909476252770128,0.06337215019239395,0.5004664881259604,0.3503411795472076,0.9948332370665538,0.6961682271820668,7.14014296471317,1.6886209793966978,0.23649680233882153,0.19139954134193005,0.07061584350373637,0.20447645689703098,0.0656162952958498,0.4870936153876242,0.3166484013281208,0.9373896013215717,0.6092219074016848
95,train,received,0.5829467177391052,68.0625,69.625,1.0888671875,1.8046875,2.005859375,31,8,2.58203125,3.994140625,2.582574789004383,2.5826157236248504,2.5826677107126765,2.60082785428426,2.596335755912156,2.597828229355981,2.5996736462337506,2.6952711352441927,0.353271484375,,,2.00390625,0.34996882518722733,0.4490412431400518,7.162105003080282,1.6518343453706623,0.23063531526837996,0.16267173187203277,0.0524927040215865,0.19019360812391284,0.05426164164719477,0.48064520810752676,0.2502687168885095,0.8735155407373751,0.45471503792467904,7.145431668574401,1.5411324223569651,0.21568080052250216,0.17311176426749775,0.054080833800577176,0.20369005121501615,0.05648010657402418,0.4702421003399584,0.23194024977418254,0.8256195704697609,0.4072585318984423,24,8,2.244140625,4.1875,2.2441497700956883,2.2441947501634414,2.244244433370521,2.2639998069005136,2.2389957065119668,2.2406352134763425,2.2423684508222004,2.346787871514431,0.464111328125,,,0.507475398405788,0.5955600651397771,1.81624692662156,0.25359121736422846,0.17315250745943,0.06656406030623924,0.20212269755819623,0.06720683834407165,0.5004665097293808,0.3517307662148434,0.9948682303868424,0.6989530786070455,7.145431668574401,1.696819615836576,0.23746915435482877,0.18458908480888514,0.0682024110619911,0.21716990158958804,0.06978667310731604,0.49001884667708673,0.3196604566762294,0.9439515392281921,0.6158471213670201
96,train,received,0.5864458680152893,68.1875,69.9375,1.0849609375,1.8037109375,2.005859375,31,8,2.580078125,3.994140625,2.5802586417425237,2.580300234407641,2.580352808873421,2.5985697817497946,2.5773032393995075,2.5788139678118513,2.5806443895286546,2.676656105797796,0.35400390625,,,2.03515625,0.36931291307604075,0.46822942561181036,7.162105003080282,1.6599708070449486,0.23177135860630743,0.16573591180422298,0.053568993284250944,0.19049917701140018,0.05442742485416118,0.480383572550954,0.25079353810266697,0.8721131721337718,0.45518450774879404,7.139218763989291,1.5368331731030382,0.2152662950818835,0.1788946550592616,0.055956500843760894,0.20082647290211675,0.05574759329644867,0.46863833231878527,0.231516808125503,0.8232298392829538,0.40659933992613856,24,8,2.240234375,4.1875,2.2396698437621505,2.239715050679248,2.23976476719119,2.2595790452176296,2.227652925685811,2.2292944252877875,2.2310202377172867,2.335556107981404,0.465087890625,,,0.5120758967496363,0.5984067039432801,1.8201717178911414,0.25413921146203816,0.17613054006561235,0.06791560137363793,0.203431641341961,0.0678206132828804,0.5004666063294909,0.3536989677461199,0.9948330334823394,0.7028378673700553,7.139218763989291,1.6894684012360393,0.23664611732558663,0.19017241410379082,0.07034484896089739,0.21368774417215253,0.06873587987309945,0.4880777156354581,0.3188781474680674,0.9390581959693218,0.6133341750861201
97,train,received,0.5913832187652588,67.8125,69.75,1.0810546875,1.796875,2.005859375,33,9,2.578125,3.994140625,2.5773211527920505,2.577362640089233,2.577415220759111,2.595668652299268,2.5543825399886124,2.555901676169003,2.5577136094284496,2.654438011260467,0.3544921875,,,1.962890625,0.3619464949295796,0.45900962711119486,7.162105003080282,1.6547019950497384,0.23103570728690562,0.1628638920514689,0.05259280945829175,0.18894568270469314,0.05394015762190417,0.4803088868613816,0.25038626068094066,0.871833713238277,0.4543705025536111,7.140634084014586,1.5296381619565333,0.21421601274610402,0.17659309223895647,0.05513657173026099,0.203961696597311,0.056549411899538826,0.46712588315398307,0.2301938492784239,0.8207364448848651,0.4047083962987712,26,9,2.240234375,4.1875,2.2395407870555233,2.239587467535659,2.23963843529881,2.2595310531340123,2.232807532150702,2.2344648343125577,2.23620494675363,2.340912110642865,0.46533203125,,,0.5155003786692625,0.5980293525930204,1.8161547768034958,0.2535783510605336,0.1750063165624507,0.0674509887029144,0.20250384974871327,0.06748438925724602,0.5004667875145081,0.3534003033982524,0.9948685081719679,0.7022693862176609,7.140634084014586,1.686221571698307,0.23614451487903224,0.18872724386253203,0.06966022311989259,0.2167126968413502,0.06961067152672797,0.4867153737377681,0.3169347605641617,0.9378376731206988,0.6112105100632634
98,train,received,0.5895487666130066,68.1875,70.125,1.078125,1.806640625,2.005859375,31,8,2.611328125,3.994140625,2.610616778029371,2.6106579906479204,2.6107101761564437,2.628727588106339,2.6095516874853217,2.6110429672121382,2.6128649655483853,2.7077337790497324,0.345947265625,,,2.03125,0.34604244449792,0.4492218560417026,7.162105003080282,1.6607972315977282,0.23188674710625598,0.16720302996636427,0.053539917591365754,0.19504526912922593,0.055267064384405346,0.4807404262177535,0.24722618538749785,0.8738206112385027,0.44925636423810683,7.144206458674576,1.5408438243039444,0.2156773930340485,0.17789541828012823,0.055071052418828086,0.20535184919723815,0.05646594286118969,0.4700226403619219,0.22845204952520132,0.8242616028148237,0.40077113668622705,24,8,2.283203125,4.1875,2.2814456241710417,2.2814912480452643,2.2815415043555514,2.30114337139182,2.286800206788782,2.2884214492553774,2.29014044194538,2.3928851056129408,0.454833984375,,,0.5109337653233487,0.6002368779512988,1.8239264761522613,0.25466346491259567,0.17864040388749203,0.06785340445791492,0.20756580473829622,0.06830245878113356,0.5004664836557398,0.34412466597416624,0.9948682043131996,0.6838435947995488,7.144206458674576,1.692451814072946,0.23689850284463043,0.19040367422082305,0.06932330752649264,0.2181092369983082,0.06917398144049292,0.4894712238640535,0.31102441327111724,0.9399396879902788,0.597544241249475
99,train,received,0.5860621929168701,68.0625,69.9375,1.07421875,1.8037109375,2.005859375,32,9,2.60546875,3.9921875,2.604045959321377,2.6040874916864922,2.6041399287286837,2.6221403766526863,2.6109620509614215,2.6124599265985284,2.6142660020676454,2.7091018511633767,0.34765625,,,2.109375,0.3626052510941766,0.4601959368082836,7.162105003080282,1.6657157320451348,0.2325734866116516,0.1691528694004223,0.05437453468084705,0.19297755176084408,0.05486891918198155,0.48025488475734335,0.24851987800502506,0.8714781046575863,0.45085122298068425,7.142538080353292,1.550637620990999,0.21709896447822646,0.18051376455490953,0.05616988734405082,0.20246033355490312,0.05593812773551962,0.4692504161944875,0.2299487866033756,0.8217356802326012,0.402580500757351,26,9,2.27734375,4.1875,2.2759870270658165,2.2760313392315146,2.27608036251416,2.2955820564045717,2.274857577822365,2.276492110532118,2.278219825045572,2.38152372342405,0.45654296875,,,0.5171866275482088,0.6012912447144879,1.8302157836830286,0.2555416016514542,0.1816083913408848,0.06938240075266201,0.20640535724816544,0.06826295592571953,0.5004664807155077,0.34776924685735977,0.994637362625924,0.6909232258992862,7.142538080353292,1.7059916245983802,0.2388494965523511,0.19365576217072533,0.07104970760788917,0.21686306051898363,0.06925680005053743,0.48892674713263684,0.31490816932844146,0.9383198442300111,0.6041598956423303
100,train,received,0.580937385559082,68.375,69.9375,1.0703125,1.8115234375,2.005859375,32,9,2.607421875,3.9921875,2.604495025586773,2.604535247049484,2.6045863546066097,2.6225820184364634,2.619373160634632,2.6208845396323626,2.62276520015372,2.7180545165811494,0.346923828125,,,2.015625,0.350039854053686,0.45329954270970785,7.162105003080282,1.666534837370735,0.23268785317361176,0.16379335066115353,0.05261620168872975,0.19954517133391825,0.056702433976633146,0.4800815371382612,0.2481606011222915,0.8708012703602526,0.45001235271912043,7.143815803761595,1.5575864136462294,0.21803283517277675,0.1737881023825345,0.05412413345293467,0.2115491992096583,0.05848777915809925,0.46779814359105387,0.22954196916005423,0.8280162150100558,0.406299831316705,26,9,2.27734375,4.1875,2.275929313991157,2.275975224510132,2.2760257987125003,2.2957531519567467,2.278665356935238,2.280303530191924,2.282038422735579,2.3856008113024805,0.456298828125,,,0.5149960847433621,0.60176429551053,1.8301131732911866,0.2555272748031606,0.17593293030594914,0.06720672143063784,0.2136269824140502,0.07064457529584871,0.5004665244498749,0.3476996096946914,0.994136575701968,0.6904370623648213,7.143815803761595,1.7115229850466793,0.23958106312672175,0.1868964559092312,0.06865224486226924,0.2255920275331036,0.07211032354703657,0.4872820654161263,0.31449491239958577,0.9448743539408797,0.6098355972625009
101,train,received,0.5744447112083435,68.5625,70.0,1.06640625,1.8134765625,2.005859375,33,10,2.62109375,3.994140625,2.620195154712451,2.620235164804314,2.620286321937656,2.6382899846013554,2.6163862287328703,2.617892387282959,2.6197403835473496,2.715163025734739,0.34375,,,2.0625,0.3614537513974509,0.4640175689095615,7.162105003080282,1.688096280547915,0.2356983428505862,0.1759900987420302,0.05670124424304304,0.20746377614000444,0.05910657906178691,0.48054006271484084,0.24958058292667334,0.8727768891009022,0.45318074536989295,7.1473643650845595,1.5882945779683642,0.2222210169845697,0.18646499695945984,0.05838174021085512,0.21385277025984895,0.059398901337850446,0.47316985963737146,0.2342406577788843,0.8320080411247428,0.41190593304349704,28,10,2.291015625,4.1875,2.291687396637795,2.2917322614947677,2.291782125213332,2.3113878593633848,2.283420397555625,2.285041682734816,2.2867686208505,2.3900842137901868,0.453125,,,0.5048691407676041,0.5952340456082463,1.8543877820000692,0.25891658684179203,0.1883837111852653,0.07217034184627813,0.22067055608506347,0.07315581523810935,0.500466789121254,0.34952657893895883,0.9948685097787147,0.6945742965099929,7.1473643650845595,1.7464413730192185,0.24434760616804746,0.19997532128247286,0.07395496447035102,0.22843670328000965,0.07344277554492715,0.4924447933536147,0.32183016460847474,0.9472702951033058,0.6191224320925448
102,train,received,0.5816050171852112,68.8125,70.5,1.0634765625,1.8095703125,2.005859375,30,9,2.607421875,3.994140625,2.607965225647247,2.608006533818833,2.6080591050912374,2.626239719285965,2.616133099440205,2.6176278095539507,2.619480436761649,2.71459359343811,0.346923828125,,,2.064453125,0.35326796689617,0.4551779200397705,7.162105003080282,1.6849114897540987,0.2352536703985003,0.178091509276312,0.057525134690540054,0.20509412082069645,0.058563662343907565,0.48067282027610503,0.2506811336232368,0.8734698975409865,0.45541421022650963,7.1436074850166875,1.569189601054803,0.21966346896103817,0.18885876857051187,0.059116609632486494,0.2172839065862897,0.060337066876598844,0.47144186478054806,0.23313178671526794,0.8219188865829778,0.40650225500710324,24,9,2.275390625,4.1875,2.274114602980649,2.2741606378451755,2.274211457779527,2.294023970273616,2.2694726479038287,2.2711056107271665,2.2728380651986404,2.3766000495937036,0.45703125,,,0.5080540062831865,0.5981188807602232,1.85203899439782,0.25858864029517775,0.19137151990989842,0.07369564598491794,0.21963411566691882,0.07313913843862273,0.5004668974300062,0.3528492740339276,0.994868618087466,0.7011747028020142,7.1436074850166875,1.727784687760133,0.24186444893340847,0.20286851442436848,0.07504372816376947,0.23192639864021558,0.07457864351541743,0.49133001974830304,0.3209487297881589,0.938055643574109,0.6128738391629691
103,train,received,0.5802119970321655,68.5,70.1875,1.0595703125,1.8037109375,2.005859375,29,8,2.603515625,3.994140625,2.605627349210924,2.6056688794578067,2.605721817490009,2.6239539456151566,2.592560523226227,2.594068499191089,2.5958628635234864,2.691590059551637,0.347900390625,,,2.154296875,0.349491110397675,0.45404365591958107,7.162105003080282,1.6728765044337548,0.23357330054701558,0.17507311330964193,0.05642659060539806,0.19762476032968657,0.05632178167330099,0.48061116592882946,0.2497658201266707,0.873083364679343,0.45360915740262864,7.145739098259819,1.556765438310673,0.21785926086915036,0.1835878738060961,0.057280275308075945,0.21078200388243928,0.05837304519236089,0.4714557509581381,0.23202611017382435,0.8253027116321547,0.4065160598285619,24,8,2.26953125,4.1875,2.270584914498182,2.27063186602732,2.2706835196331117,2.2905906757117362,2.2730329179485387,2.274700453132669,2.276462519360369,2.380724318825332,0.4580078125,,,0.5066185165592105,0.5959468498793364,1.8346475286950708,0.25616037853480567,0.18712089852810188,0.07173603361234406,0.210503412913857,0.06982692167425578,0.5004668823459575,0.34996668833003125,0.9948686030034208,0.6954485050962664,7.145739098259819,1.710755022727236,0.23940910788974246,0.1959698085262156,0.07214235129424588,0.2238721482432826,0.0717010459524114,0.49084972988045994,0.3180601649790462,0.9410823616814374,0.6104830637768985
104,train,received,0.5812168121337891,68.5,70.1875,1.0556640625,1.806640625,2.005859375,31,8,2.59375,3.994140625,2.5927208845488585,2.592762837131103,2.5928158801607575,2.611133347370323,2.597396132649588,2.598919148879055,2.6007804584769683,2.697068221584174,0.3505859375,,,2.03515625,0.3594995804099593,0.45833301063241444,7.162105003080282,1.6674047054371917,0.2328093074201053,0.1808943305258186,0.05837201351348424,0.1922329616796148,0.0548426661422365,0.48052483199452567,0.2501993982945221,0.8726082926123011,0.4542307123198366,7.1383190657199505,1.5532782869526685,0.21759720638040844,0.19148862696041036,0.05999396559842039,0.20691589431492474,0.057531413854282655,0.4720818904396662,0.2337583050491035,0.81754421334999,0.4049594058684236,25,8,2.251953125,4.1875,2.252730479439873,2.2527766454304414,2.252827522480422,2.272807056092307,2.242831135957088,2.2445130602065477,2.2462846465901545,2.351778391520402,0.462158203125,,,0.512831316325492,0.597477056436781,1.8298551113529506,0.2554912432261138,0.19252936434771506,0.07417868759624331,0.20448187995135658,0.06812289081672232,0.5004670569847285,0.3531733418329695,0.9948687776421874,0.701818344866708,7.1383190657199505,1.7098774929518368,0.23953503299720932,0.20390484498179173,0.07557826046577264,0.2201393599589503,0.07095080684085542,0.4918460885613012,0.322382075955059,0.9330417253710221,0.611845829294937
105,train,received,0.58414626121521,68.5625,70.4375,1.052734375,1.8017578125,2.005859375,30,9,2.60546875,3.994140625,2.605463266216943,2.605504275348555,2.605556476764028,2.6237422443920404,2.5927392469112727,2.5942523445116588,2.5960816492370884,2.692167744154407,0.347412109375,,,2.255859375,0.3410796870942069,0.4470677873456263,7.162105003080282,1.6802428969283376,0.23460182393384316,0.17989715575779464,0.058015113359755004,0.2017045428236255,0.05751405190411363,0.48078036817754466,0.25008811885734433,0.873879998241077,0.45444881757108546,7.144637846029246,1.5595611501503925,0.2182841431238037,0.1914948077578682,0.05975730324760578,0.21384634643178124,0.05921320798763623,0.4695395207978663,0.23092131308052333,0.8176337228147572,0.40240136381165537,24,9,2.26953125,4.1875,2.2699866717932533,2.270033347641149,2.2700847679550673,2.2899991239187787,2.268599650959144,2.270261194724507,2.272018649532138,2.376389971827304,0.4580078125,,,0.5015212698896282,0.5970022705385377,1.8421446296960102,0.25720715193420646,0.19170342490424463,0.07368978052132358,0.21374600289377454,0.07106688728726675,0.5004670328962266,0.35168133003442464,0.9948687535536873,0.6988545116926128,7.144637846029246,1.7134092247319481,0.239817505331527,0.20337383515113672,0.0749088642832185,0.22744749169571943,0.0728561356007826,0.48904569514971374,0.31679288825577545,0.9333589601932246,0.6051756453615028
106,train,received,0.5797677040100098,68.8125,70.375,1.048828125,1.81640625,2.005859375,34,9,2.603515625,3.9921875,2.603951788585688,2.6039939025073706,2.6040470840542334,2.622260694376178,2.6077662917919424,2.6092628441064574,2.611077313209564,2.7063742294002546,0.347900390625,,,2.173828125,0.35468492555529957,0.4614067088290833,7.162105003080282,1.6878027116273362,0.23565735365530735,0.18408882621500666,0.05953764721573056,0.19986225736998797,0.05713362906099747,0.48014543392382336,0.2509186474479697,0.870890029268053,0.45499829759799565,7.1455069017778,1.5659634410425487,0.2191535831632795,0.1950264271803981,0.060996197084202605,0.21048612113075826,0.05842434304465953,0.46923798127409366,0.2319702019895609,0.8300861571227331,0.4103835743293364,27,9,2.267578125,4.1875,2.2671516118330435,2.2671978851939523,2.267248921226393,2.2871529079696233,2.261166686697327,2.2628359063192596,2.264601584001218,2.3695519589207668,0.45849609375,,,0.5012870812290471,0.5965246584504243,1.8482469819398544,0.25805918527373717,0.1956304794721868,0.07541787279551908,0.21264591623223872,0.0708787879723327,0.5004702438316784,0.3535565915479128,0.9941252747850875,0.7020501277887444,7.1455069017778,1.7202380993240016,0.24074402599709294,0.20647464552711625,0.0762425123409033,0.22346780958205592,0.07177408179880766,0.4884701444068984,0.3185091970220387,0.9439349659886824,0.6155490087386555
107,train,received,0.5844876766204834,68.4375,70.125,1.044921875,1.7939453125,2.005859375,30,9,2.607421875,3.9921875,2.608803558394755,2.6088454287630056,2.6088985465111003,2.627077292708,2.598341720634213,2.599872005189747,2.601702887320842,2.698024156069993,0.34716796875,,,2.037109375,0.34601300023158754,0.44548406512218164,7.162105003080282,1.6852602575545466,0.2353023666687027,0.17874396816380766,0.05775886435819945,0.20465548988582682,0.05845897399441181,0.48010435377065797,0.2505456066312304,0.8709297411655692,0.45438161071941896,7.143575679995422,1.5607337774869858,0.21848075073350187,0.18817896941752288,0.058699975127684954,0.21699125414037468,0.06010523326421031,0.46685115042034386,0.2298817306675787,0.8235511602250991,0.40553211887115914,24,9,2.275390625,4.1875,2.2755149775264862,2.2755612671614913,2.2756124248081897,2.2954506849702003,2.269157949027562,2.27082044322846,2.2725829761559044,2.3770336841368587,0.456787109375,,,0.5071562600671112,0.5964820615466996,1.8548518929550575,0.25898138775643775,0.192496337684136,0.07422451364875671,0.22176865177184357,0.0739323863934415,0.5004669690655632,0.35368429438766297,0.9944818012498455,0.7025600799550857,7.143575679995422,1.7191304678065173,0.24065405685008703,0.20238352765180156,0.07458777044532448,0.23282615703433684,0.07467705212495492,0.4863509051805579,0.31613723192359106,0.9405121834218821,0.6113666729728899
108,train,received,0.5776247978210449,68.75,70.375,1.0419921875,1.8095703125,2.005859375,30,8,2.599609375,3.994140625,2.5991166677471047,2.5991592448498446,2.599213014533244,2.6175763792021853,2.5883636820464075,2.589895534068719,2.5917135607393043,2.6882217252256937,0.348876953125,,,2.103515625,0.3556641304535451,0.45849797436793843,7.162105003080282,1.6862472591751154,0.23544017554195215,0.1731975262670158,0.056051108403933854,0.20594460079150778,0.0589057096714605,0.4805201629993441,0.2513746574370144,0.8725597719481675,0.45634286385286726,7.141778243493458,1.571399351837505,0.22002914375969793,0.18577258705687516,0.058328153602853074,0.213627906264362,0.05947619760135321,0.46916583892115593,0.23299442047169983,0.8249038417072496,0.40951311196020446,23,8,2.26171875,4.1875,2.2623147775998973,2.2623616877829584,2.2624133161933506,2.2824314382752204,2.2626850279926654,2.2643238534954517,2.2660594613746867,2.3702736424681783,0.459716796875,,,0.5103091130909165,0.5981359209295811,1.8490967910995213,0.25817783882032735,0.1853577860579545,0.07166801824527146,0.22040048712026916,0.07365046708600488,0.5004671681079307,0.3554666551229367,0.9947702861584968,0.7063038585342618,7.141778243493458,1.7282640863543115,0.24199352422190545,0.19893037061579388,0.07396086617252645,0.2287921150536043,0.0738864519440701,0.4887125812514297,0.3218706655434675,0.9417366610368996,0.6199437233164811
109,train,received,0.5793091058731079,68.3125,70.0625,1.0380859375,1.8095703125,2.005859375,30,8,2.5625,3.994140625,2.562777587830318,2.5628216055761723,2.562876797636001,2.5815213566184716,2.5631270741889596,2.564652640381622,2.566511357012825,2.6636787193830367,0.358154296875,,,2.119140625,0.3595303723839779,0.46100997499074065,7.162105003080282,1.6809634996186338,0.2347024371879055,0.1773259635943365,0.058128099392193405,0.2048512342903308,0.0592605798268613,0.4806569112418071,0.25673601720243583,0.8733793640832053,0.46637830727352675,7.145688411319161,1.5740256775957424,0.22027628228266988,0.18756068405431847,0.05954084410282231,0.2151571656407416,0.06052022146281195,0.47067881837986025,0.23802149895428787,0.8255434963943653,0.4178617278411015,25,9,2.21484375,4.1875,2.2147493569949495,2.2147970745480134,2.2148490966459784,2.23513642527088,2.2087721812706103,2.2104913317334107,2.212285584807383,2.3191570456432076,0.471435546875,,,0.5016314104078179,0.5948472351654086,1.8456721297405836,0.25769967473903216,0.18862344823585975,0.07424176050424398,0.21659584999430148,0.0735009051013758,0.5004674666383515,0.3673851083453611,0.9948346904405678,0.7300236637977265,7.145688411319161,1.72745088347162,0.241747300474961,0.19982355511727778,0.07550323378286068,0.22779286505861585,0.07464783868765687,0.4901617344787672,0.33256058319846976,0.9415772636313955,0.6396251897750764
110,train,received,0.5767641067504883,68.875,70.5,1.0341796875,1.7998046875,2.005859375,31,8,2.55859375,3.994140625,2.558603395240411,2.558646788951219,2.5587015488427456,2.5774431732234246,2.5642258051044426,2.565791524389962,2.5677095636725764,2.6658440892238366,0.359375,,,2.0390625,0.3407893091025704,0.44626372173019935,7.162105003080282,1.6951933043740337,0.2366892559722266,0.1874013818618394,0.06173198120176839,0.2124479581435832,0.061723910595253895,0.48075369574286775,0.2588450739965259,0.8735537135068148,0.47020772903457625,7.14419960583183,1.5735411065151075,0.22025435924699271,0.19800879107078817,0.06305495660571969,0.21864145873406393,0.061648841010968555,0.46909253141170026,0.23855054712299317,0.8277531624738552,0.4209142386695147,25,8,2.205078125,4.1875,2.203810901012435,2.2038603303394844,2.2039139367176337,2.2244051480069005,2.199412954636223,2.201112565168528,2.2028942375770746,2.3099001985786356,0.4736328125,,,0.4999662433811686,0.5952128061822579,1.8571557418004727,0.2593030597850417,0.19970137634049046,0.07923006498462981,0.2250964399797013,0.07691118540264329,0.5004678410323757,0.37289843186238975,0.9948695616898364,0.7410004106492833,7.14419960583183,1.7286602822807118,0.2419669630828346,0.21012406080800883,0.07979459680231037,0.2310906022895205,0.07602622639284846,0.48858628038654395,0.3347666490662149,0.9444713829595885,0.6470688202839523
111,train,received,0.5787570476531982,68.9375,70.625,1.03125,1.8046875,2.005859375,29,8,2.55859375,3.994140625,2.5586469912592946,2.558691718344521,2.5587477969803145,2.5775947025605497,2.559698231903723,2.561283990777319,2.563205486405405,2.6618339427373203,0.359130859375,,,2.111328125,0.36820370825925974,0.46321235997106613,7.162105003080282,1.6949552636640104,0.23665601983425866,0.18680515998156544,0.06144244861004696,0.2080099986361965,0.060353835757451395,0.48073294812121503,0.2581942375427893,0.8738849473210868,0.4692238528882314,7.143014254393536,1.5740428209263562,0.22036114795069764,0.19761070092877375,0.06294690512145944,0.21799342086414342,0.061476882203254785,0.4706634573128543,0.2391497695933957,0.828543580020999,0.4213498006511301,23,8,2.20703125,4.1875,2.206705038981289,2.2067540062091062,2.2068072339140503,2.2272804134772386,2.212197332955989,2.213889541844495,2.215665203170335,2.3220631090590347,0.47314453125,,,0.5154690956337292,0.596321607719026,1.8540292942440115,0.25886653343488114,0.1985951645352051,0.07863091339808882,0.22051668962389304,0.07521434178828107,0.5004677760313578,0.37147639780085634,0.9948694966888194,0.7381757315755627,7.143014254393536,1.7271039294457942,0.24178923181953393,0.20974000838743212,0.07956964871606789,0.23059251505939482,0.07578928636648412,0.4898661581637347,0.33445348546685566,0.9436277816046692,0.6449907549400709
112,train,received,0.5874168872833252,68.3125,70.375,1.02734375,1.7978515625,2.005859375,30,8,2.572265625,3.994140625,2.571927116970393,2.5719693009572286,2.572022701696318,2.590565356151308,2.576213069521951,2.577745890588481,2.5796079247700465,2.676767752022385,0.355712890625,,,1.95703125,0.35522879128115903,0.4551205806848723,7.162105003080282,1.6831317218991324,0.23500517252612887,0.1763340860584055,0.057539096153356624,0.2068910206119181,0.05960942508727734,0.48064503551757376,0.2548255521866894,0.8738491197036131,0.463169160673565,7.1464934820677115,1.5533597469393112,0.2173597094626992,0.18617299937875575,0.05849802087831959,0.21902404192439384,0.0610575568085938,0.46925228912902917,0.23364129033942185,0.8268425395467602,0.41182816685301266,24,9,2.224609375,4.1875,2.2250572279288727,2.2251042286897396,2.2251558768541666,2.2453829647720664,2.219189391224688,2.220902197614509,2.2227019744131,2.3295903853216875,0.46875,,,0.5119422292657209,0.5983282567659975,1.8440941441041518,0.2574793504578672,0.18873270492400263,0.07391781768036951,0.21900658377028837,0.07400224856248581,0.5004675806734209,0.36401491339263675,0.9948693013308825,0.723354255783673,7.1464934820677115,1.7055402107063866,0.2386541336651326,0.19978499378043413,0.07454165819356307,0.23227378170884805,0.07529621192857643,0.4890325596292344,0.32471034873124827,0.9446156529269656,0.6274997983138499
113,train,received,0.5818870663642883,68.9375,70.625,1.0244140625,1.80859375,2.005859375,30,8,2.5859375,3.994140625,2.584350976758518,2.5843915435417286,2.5844431714161002,2.6026720125595175,2.576349052021701,2.5778888452592295,2.579739850858188,2.6769020956383494,0.3525390625,,,2.216796875,0.35103946429527977,0.4527048515440245,7.162105003080282,1.6748886671194416,0.23385424625848192,0.18007309791010684,0.05845035640124705,0.20033141859396153,0.05745146554124278,0.48033110418788283,0.2524917275802787,0.8721371095727202,0.45832849588244035,7.144507778098276,1.5649922798335667,0.21904829953871727,0.19018444691384317,0.05984720525805609,0.21462666567061284,0.05987070583726374,0.46995745611091877,0.2343622427894998,0.8203571468197346,0.40934743703527704,23,8,2.2421875,4.1875,2.243202278876904,2.2432479728033283,2.243298543909358,2.26323150502264,2.2538620886885927,2.2555129764158535,2.2572703258832063,2.361934873038547,0.464599609375,,,0.5074252153736889,0.5983847618344884,1.839942213529346,0.25689964231717105,0.19139445408631328,0.07430599264816046,0.2123260633159152,0.07120396371479687,0.5004669908817441,0.3581575209721605,0.9948687115392056,0.7117192938221348,7.144507778098276,1.7187171733549071,0.24056481240368877,0.20203895088018786,0.07538744674957157,0.226863287527574,0.07348963777179253,0.4895795333009385,0.324776368212214,0.9360620967727327,0.6214579335562825
114,train,received,0.5767423510551453,68.9375,70.5,1.0205078125,1.8046875,2.005859375,30,8,2.591796875,3.994140625,2.5934127578645905,2.5934540668058843,2.593506891528524,2.6119099166211823,2.581418330240756,2.582961455640716,2.584789006411799,2.681694042271259,0.350830078125,,,2.029296875,0.32656045558933444,0.4373942191389753,7.162105003080282,1.676931720976644,0.2341395051113364,0.18343788137726236,0.05946402369164645,0.19939316965641396,0.05711576213005641,0.4805153622373517,0.25204961973683604,0.872889366250857,0.457745271634821,7.1447551746205695,1.5680382013922323,0.2194670304396406,0.1947970426164236,0.0611150196609556,0.21166202603886752,0.058990170647140856,0.46923117634548905,0.23350681612439575,0.8306282602347732,0.41332155518620234,24,9,2.25390625,4.1875,2.253976482368957,2.254022614632994,2.254073780433781,2.2741391260160113,2.2506032021581532,2.252285734982551,2.2540683339888687,2.359599289880739,0.4619140625,,,0.4980571581868297,0.598635990713477,1.8441550962068565,0.25748786081937103,0.19775800313938152,0.07659715082129882,0.21364397373713828,0.07150127921053016,0.5004673594793649,0.3566181976283611,0.9948690801368274,0.7086612315254295,7.1447551746205695,1.724647939676569,0.2413865692421236,0.20916485695311504,0.07772781853520394,0.2268554266574041,0.0733757081983335,0.4892561641357984,0.323346045754047,0.949291312718973,0.6273199791749894
115,train,received,0.5865254402160645,68.625,70.5,1.017578125,1.7978515625,2.005859375,29,8,2.5703125,3.994140625,2.571354439427002,2.5713967759853564,2.571450336870614,2.5899706966569584,2.5759671672541278,2.5774971373345448,2.57935114021919,2.676299299248423,0.356201171875,,,1.947265625,0.3308142342643213,0.44133571927149123,7.162105003080282,1.6930791111381502,0.23639406437213498,0.19454253771639074,0.0637963518441275,0.20473140053427485,0.059246071742656246,0.4808087099661815,0.2569785363074541,0.8742023650250657,0.4671111519898302,7.139772230656105,1.5581988031913987,0.21824208852222854,0.20391988190181287,0.0643836725828117,0.21685270792005262,0.06068835075869897,0.46700904649645736,0.23424387227425217,0.8211300679539022,0.41162712489558806,22,8,2.22265625,4.1875,2.2223497439067286,2.222395912351163,2.222446741869823,2.242647502623293,2.2190073187213675,2.220677053736997,2.22243401706952,2.328141765178695,0.469482421875,,,0.49810141739682157,0.5981464247172951,1.8558304034578046,0.259118011067926,0.20700597306159008,0.0815625786174109,0.2175682928647218,0.07389768571981879,0.5004676403046799,0.3681048949389754,0.9948693609621433,0.7314786484593949,7.139772230656105,1.7115197326682345,0.2397162930939823,0.21687101089737126,0.08142413317571136,0.22947338345267188,0.07476089669268206,0.4862890249007652,0.3263903090870292,0.9365033695830318,0.62808208572317
116,train,received,0.5792092680931091,69.0,70.9375,1.013671875,1.80078125,2.005859375,28,8,2.572265625,3.994140625,2.5717462872253565,2.571789835018736,2.5718446431644244,2.590486396451707,2.563399753356903,2.564955484146439,2.5668211830329946,2.6647492725246997,0.35595703125,,,2.0703125,0.33529461178454983,0.4387796806611745,7.162105003080282,1.6905938453557905,0.2360470622294282,0.18899501106111316,0.061820720826682905,0.2069635492472397,0.059758582473151946,0.48016170933957625,0.25557870145937295,0.8712785380524766,0.4636372946274683,7.142731340843609,1.5624061129891702,0.218740708341501,0.2011877392716359,0.06353556129453047,0.22250001781811868,0.06227610747454207,0.4677630356854863,0.23456789942994283,0.8221197846097095,0.412268366072013,23,9,2.22265625,4.1875,2.221595680237378,2.221643129008653,2.221695127117464,2.241981073454207,2.2183473991998817,2.220048630717976,2.2218362271967673,2.3283925018405696,0.46923828125,,,0.505125204062753,0.5987762985436044,1.8513247779319921,0.2584889187097611,0.2014656596597204,0.07920308744803575,0.22019512459101165,0.074646460793688,0.500467604340515,0.3665794944019905,0.9948693249979774,0.7284485907497177,7.142731340843609,1.7180479261846657,0.24053094596467794,0.21466409184931567,0.08065227802207656,0.2361055302969426,0.07696095122370787,0.48767547202612693,0.3274725159135544,0.9400681273956808,0.6312570795012172
117,train,received,0.5783545970916748,68.6875,70.5,1.0107421875,1.8017578125,2.005859375,27,8,2.56640625,3.994140625,2.567482657699129,2.5675253383519467,2.5675794510988625,2.5862291884989856,2.565034032877914,2.5665924336025463,2.5684832653080227,2.666574939298437,0.357421875,,,1.9892578125,0.3389754883147893,0.43923581916036536,7.162105003080282,1.692646668896863,0.23633368516223774,0.1905307219636736,0.0625599801665541,0.2055867719550566,0.059560161867114346,0.48072174824338454,0.25746345099669665,0.8736772886487705,0.4677958403825848,7.143003971980156,1.5702953587916677,0.21983683124795414,0.20428936898573546,0.06482502219199981,0.21948947337976854,0.061701029938518635,0.4699793377671009,0.2377926809213333,0.8233684368874226,0.41618755767096527,23,10,2.21484375,4.1875,2.213343365504374,2.213390588023884,2.2134424458507262,2.233821036325188,2.2124601067948584,2.2141551147870437,2.21593782707165,2.3225600328158977,0.47119140625,,,0.5075584639554888,0.5977744420065831,1.854525535097868,0.2589358204466805,0.20318077097295806,0.08023702164056391,0.21788254358838355,0.07414910137287166,0.500467729956819,0.36966692566317133,0.9948694506142814,0.7345814201108904,7.143003971980156,1.7249610488178724,0.24148958275599072,0.2168920248311128,0.08196697587744955,0.23189164161595333,0.07598022297120866,0.4896392257510822,0.33283462769283084,0.9391978815989486,0.6375859444721294
118,train,received,0.581093430519104,68.5625,70.25,1.0068359375,1.806640625,2.005859375,29,9,2.578125,3.994140625,2.578080974706679,2.578123779427367,2.5781780571670945,2.5967101997039426,2.571349932331458,2.572902994861226,2.5747675427602825,2.6724644760003824,0.3544921875,,,2.06640625,0.3639255888324284,0.4596399381338285,7.162105003080282,1.6648121789170092,0.2324473291303333,0.1857301665116733,0.06019104460844307,0.18332357071697203,0.052500283418603896,0.480648686393641,0.2520107720291256,0.8734629615775207,0.45784848595151684,7.142924167738716,1.5503726119403622,0.21705012898536402,0.19585916175276274,0.061482476055908356,0.19396108935502632,0.054037950161378794,0.47177256864653305,0.234346101271111,0.8253007053066765,0.41033950310903733,23,9,2.236328125,4.1875,2.2362416454667136,2.23628956744527,2.2363422239346415,2.2565622274533537,2.236228807805645,2.2379052109468933,2.2396809185759095,2.345329900859324,0.466064453125,,,0.5132230642142542,0.596787791168369,1.8270110820035739,0.25509414916673406,0.19793692719163136,0.07666112084662116,0.19480143002386097,0.06519123443757402,0.5004673474440109,0.3565725616226868,0.9948345712462263,0.7085460162892679,7.142924167738716,1.7048731759033768,0.23868000497660333,0.20969831652295934,0.07805932488283386,0.20711602673832896,0.06702487488115652,0.4914672819248258,0.3246296745594675,0.9420314771207892,0.623015806612513
119,train,received,0.581189751625061,68.625,70.25,1.0029296875,1.8134765625,2.005859375,30,9,2.58203125,3.994140625,2.5851856457714395,2.58522860357358,2.5852830554592505,2.603772514533853,2.577344004298599,2.5788825660096824,2.5807422172493655,2.677818681957849,0.353271484375,,,1.984375,0.3588614785659181,0.4549248866555611,7.162105003080282,1.6641720774647184,0.23235795576146823,0.1898100462083061,0.06147792131881895,0.18290185337522402,0.05235293131548507,0.4804532860990385,0.2516743772331988,0.8725612606663864,0.4569511887384089,7.143426102161897,1.5532838887566016,0.21744242420125454,0.20078088661239768,0.06295130524093105,0.19739384805219373,0.05493189652517126,0.4676298117669546,0.23209360739532356,0.8241011081764622,0.4090866821267668,24,9,2.23828125,4.1875,2.2378677870913486,2.2379162838440347,2.23796937948254,2.2582227148473066,2.2413122383620268,2.2429949071249156,2.244772926369863,2.350339821193674,0.4658203125,,,0.5165214194500704,0.5988524433078187,1.8305736950196057,0.25559157457651227,0.20255115116700306,0.07854289879258428,0.19516307507494268,0.06538036471049022,0.5004673875923897,0.35736511341159805,0.9948691082498495,0.7101449301221537,7.143426102161897,1.7064990553780293,0.23889083906972478,0.21386214999328335,0.07950416578417249,0.20991907132414767,0.06784902927338946,0.4871067687528736,0.3214550055707149,0.9409092696041288,0.6210720397540418
120,train,received,0.576862633228302,68.9375,70.6875,1.0,1.806640625,2.005859375,30,9,2.5625,3.994140625,2.563140614675016,2.563184257388503,2.563239216909318,2.581952157629264,2.5687624788066596,2.5703302054467083,2.5722551665224445,2.6705003108842438,0.358154296875,,,2.03125,0.33691464728196846,0.44025064348391585,7.162105003080282,1.691375094682726,0.2361561431946751,0.18937863894973717,0.06218858126659139,0.20479337929201513,0.059336103897002876,0.48076902051530723,0.25753525866016724,0.8737685698905162,0.46792916233078613,7.144252859305743,1.5741338864679055,0.22033569044487533,0.20032727181215382,0.06368700138321402,0.2184776062421303,0.06154289572071834,0.46779572501455124,0.23725121850535655,0.8295902861525368,0.42092858440471465,23,9,2.2109375,4.1875,2.2116013665055543,2.2116489238513717,2.211700953296567,2.2320597898536247,2.2025919438798782,2.2042814154018884,2.2060557103320053,2.3127994418719804,0.47216796875,,,0.49877936477340734,0.5949822840649113,1.8528151520752445,0.25869701034519665,0.2020404454933411,0.0798341469103836,0.21774175656159134,0.07413915922247498,0.5004677171272114,0.37007829186114843,0.9948694377846747,0.735398570649519,7.144252859305743,1.7297616977652939,0.24211932749723347,0.21214709396103615,0.0803428647196306,0.23164625647233272,0.07607354962541359,0.487132686014645,0.332115498797776,0.9466421390862232,0.6457829522782946
1,test,,0.8446604013442993,51.15625,52.53125,1.5,1.8583984375,2.05078125,7,5,1.9794921875,4.12890625,1.9779464165911729,1.9781656416002722,1.9784167007454363,2.0220052757571696,1.9407999295602887,1.9731247043896087,2.005820558290716,2.3948836668847138,0.5205078125,4.78515625,1.939453125,1.2490234375,0.4258491756540194,0.4854149346107947,5.50434055893928,1.3743377829122294,0.24968254928925995,0.0007347051778285874,0.0005902132481711804,0.001082347733714073,0.0006918448907801556,0.4720488297370844,0.30674090958203626,0.8207454427616936,0.529666352045139,5.262638718083113,1.2915162282327979,0.2454122917073862,0.010550808888283747,0.00787736620113613,0.01433158418987901,0.008863873225864924,0.46378154348861944,0.32164540106718664,0.6670239841879848,0.443532196055898,5,5,1.5400390625,4.33203125,1.541364846250527,1.5415869392669892,1.5417556365293317,1.5872869157336467,1.523407462815606,1.5573268992431146,1.581495322436753,2.004776590255547,0.64453125,5.6484375,2.060546875,0.582269714029503,0.6073637664163513,1.523857087764999,0.2768464399046297,0.0008183437405628879,0.0012440265288423508,0.0010595506682005151,0.0010840031198695024,0.49251725056000595,0.5173913400096917,0.9447622206867505,0.9815112543274309,5.262638718083113,1.4317994271517573,0.27206872898797096,0.010867225383623058,0.014334045178140416,0.01484337436347083,0.014332955977646233,0.4839102604566916,0.5622528131669872,0.772431145352332,0.8371869929121615
2,test,,0.7867580056190491,45.375,47.21875,1.4951171875,1.810546875,2.05078125,5,3,1.9716796875,4.12890625,1.9724643417975276,1.9726904071860742,1.9729470658350248,2.017053312150444,1.959410638795515,1.9916876199746496,2.0248895398015776,2.4125448930120355,0.5224609375,1.4892578125,1.509765625,1.37109375,0.392659646755869,0.45382025363663636,5.50434055893928,1.377286339133755,0.2502182276670698,0.0005869438335626143,0.0004755522632701617,0.0006485303747760796,0.0004173672808169047,0.47306174447416804,0.3095261921674374,0.826561068894061,0.5370850043591464,5.228508954961329,1.2497718429727465,0.23903025771560335,0.0146947402744253,0.01082062290528887,0.014716809317569357,0.009869152692020157,0.4444669747500978,0.28208814935864374,0.6660500709703872,0.4299750310924161,3,3,1.529296875,4.328125,1.5299090480286361,1.5301424664059249,1.5303179169253684,1.5768012056819554,1.523407462815606,1.5573268992431146,1.581495322436753,2.004776590255547,0.64697265625,1.5107421875,1.5302734375,0.5833140969114656,0.6083046865726861,1.5244792388559878,0.2769594690830257,0.00028769196669298225,0.0004457826152270844,0.0004464279004805505,0.0004626254819980304,0.49237136455369246,0.5240942455579157,0.945458345412912,0.995108561251076,5.228508954961329,1.3848497151701045,0.2648651321245269,0.015060558124538659,0.019285111763318544,0.015208867322423991,0.0166380033686077,0.46253887307283836,0.4632128313785947,0.7661523796804621,0.7882573752974463
3,test,,0.7435303926467896,48.84375,49.78125,1.490234375,1.8701171875,2.05078125,5,3,1.970703125,4.12890625,1.9739251235188413,1.974149981133172,1.9744078243549998,2.018572886361863,1.9495122976537465,1.9818158715639322,2.015384107000486,2.403174712807018,0.5224609375,1.486328125,1.5087890625,1.2353515625,0.43641796931506743,0.49139962268201104,5.50434055893928,1.374303485423743,0.24967631829971287,0.0004453840515399321,0.00036203474356004064,0.0006215335214871942,0.0004010285652321539,0.4736104355870694,0.3107007095891365,0.8299120645832403,0.5406717359545453,5.253019839145369,1.320280669438878,0.251337461092414,0.011242540697631753,0.009156983913347242,0.018513626808104533,0.012694215407549975,0.41350589602850985,0.2858803243738858,0.6463936675714868,0.44536140113227285,3,3,1.5283203125,4.328125,1.526901435324914,1.5271459596844368,1.52732824880722,1.5743373461850323,1.5424597606793777,1.5761335535949423,1.6004116207281331,2.021081087740071,0.64697265625,1.5087890625,1.529296875,0.5833140969114656,0.6083046865726861,1.5241339752020926,0.2768967433758864,0.0003348809925682872,0.0005202902244601832,0.00040258816593219393,0.00041794055676285056,0.4923652014929374,0.5250494563550895,0.9457270407302039,0.9971975597323935,5.253019839145369,1.4526594755317506,0.27653797625254894,0.011803733090491875,0.01824385519225546,0.019509284066165478,0.022228444001925925,0.4308935463710224,0.49775513253470083,0.746189508473158,0.8570635478851164
4,test,,0.708224892616272,49.78125,50.21875,1.484375,1.8359375,2.05078125,5,3,1.970703125,4.12890625,1.9697762779283863,1.9700098637457752,1.9702746883983226,2.0148487538954676,1.9685606881998559,2.000817719759891,2.03603249116506,2.4212981577563695,0.5224609375,1.486328125,1.5087890625,1.236328125,0.4217583005886254,0.4917919574893611,5.50434055893928,1.380533414574211,0.2508081394658924,0.00043847764213378326,0.0003548991452321473,0.0006032712002319585,0.0003879250254847261,0.4730700560257759,0.3092759753675286,0.8245132368695618,0.5353149121507527,5.280073536090946,1.3187831405452388,0.24976605562989715,0.007711831635061728,0.005857490257027203,0.014364424566244871,0.009835664504606264,0.42656414251607444,0.2957202562648496,0.6622439767603714,0.4693912765196501,3,3,1.52734375,4.328125,1.5268817009886588,1.5271241800236872,1.5273051941337303,1.574247726244578,1.523407462815606,1.5573268992431146,1.581495322436753,2.004776590255547,0.64697265625,1.5078125,1.5283203125,0.5833140969114656,0.6083046865726861,1.524147717626391,0.2768992400281467,0.0003960929706661176,0.0006138096755283367,0.0005020032349909442,0.0005202502435391297,0.49236459309197844,0.5241211939155374,0.945726432329244,0.9954548725963287,5.280073536090946,1.4581158223941464,0.2761544536127141,0.00785474783667972,0.010690245991843593,0.01471892694525856,0.016752229521428658,0.4439389283347692,0.5158226914375786,0.7596199523598699,0.9162632128650269
5,test,,0.7434009313583374,47.21875,48.84375,1.4794921875,1.82421875,2.05078125,5,3,1.970703125,4.12890625,1.9713136298201785,1.9715407234570042,1.9717998480765053,2.01608349889533,1.968435495872723,2.0006911192226027,2.035075225908867,2.421145220960573,0.5224609375,1.486328125,1.5087890625,1.234375,0.4003353031480128,0.46251577731039417,5.50434055893928,1.3765236579361244,0.2500796677088943,0.0003937828437958757,0.0003191408258812848,0.0005683176559934111,0.00036582856222694784,0.47281579508451177,0.3094364910013873,0.8247020208874503,0.535999548387526,5.276801702821372,1.268237982104136,0.24034217193078175,0.012035818226847184,0.008521430589479087,0.016668318724314624,0.010585505372852043,0.4198733365747733,0.28580877255934384,0.6392325614634302,0.4228732273111539,3,3,1.52734375,4.328125,1.528046101410826,1.5282881336086716,1.5284688736250618,1.5753225732081437,1.523407462815606,1.5573268992431146,1.581495322436753,2.004776590255547,0.6474609375,1.5078125,1.5283203125,0.5833140969114656,0.6083046865726861,1.5239006160140096,0.2768543478907989,0.0004067447324347384,0.000630312461739737,0.000496441930845748,0.0005144847045830543,0.49236465584905,0.524119059746817,0.9457264950863147,0.9954508051736404,5.276801702821372,1.4040310652107846,0.266076146931973,0.012393902129155698,0.01491998764376213,0.01713854516017932,0.017260930337349996,0.43729846722126187,0.4928157250049088,0.7410729884489617,0.7969237158604415
6,test,,0.7572120428085327,46.0625,46.75,1.474609375,1.82421875,2.05078125,5,3,1.9697265625,4.12890625,1.9724736949017796,1.9727076261035459,1.9729740713663917,2.0175942149853996,1.9603555172858764,1.9926314576119815,2.0266464495456127,2.4134689365719857,0.52294921875,1.4853515625,1.5078125,1.3701171875,0.4142386724499807,0.47810332825961227,5.50434055893928,1.3769318629491831,0.2501538282752124,0.0003360392004916335,0.0002732051968290985,0.0005409185514135828,0.00034906704266360404,0.4730063803340574,0.31035251228428934,0.8257344287840382,0.5380328590902255,5.288291328227318,1.2814013266535584,0.24230914053728872,0.003954825890798652,0.002991849610912819,0.02496524846409276,0.015414216082543097,0.43917346163684634,0.3027950613350955,0.6600655040370356,0.4342877670960011,3,3,1.5263671875,4.328125,1.5248048731048747,1.525054989974691,1.5252406772476925,1.5725333875299319,1.523407462815606,1.5573268992431146,1.581495322436753,2.004776590255547,0.6474609375,1.5068359375,1.5283203125,0.5833140969114656,0.6083046865726861,1.523907128484856,0.2768555310426727,0.0003321074928033241,0.0005153834700033669,0.00044128168863810657,0.0004577549162963286,0.4923648722624874,0.5246315817113867,0.945726711499753,0.9964131178645317,5.288291328227318,1.4202213116293518,0.26855958257228285,0.003979450271737406,0.0053866536381058485,0.02622924676510152,0.025305116593739522,0.4590297032519359,0.5292659134701616,0.7647586470024574,0.8163719961837224
7,test,,0.753487229347229,46.75,47.46875,1.4697265625,1.8544921875,2.05078125,6,4,1.9697265625,4.12890625,1.9689238478212627,1.9691597210922462,1.9694263323406207,2.0141149592359864,1.9451122921087571,1.97742732812458,2.0110421362029327,2.3990024152457208,0.52294921875,1.4853515625,1.5078125,1.2333984375,0.4263616906956427,0.48602743355721645,5.50434055893928,1.376229661259617,0.25002625591989625,0.0004447864602923346,0.0003610108259918103,0.0005228452021412977,0.00033695374872521504,0.4733014177131878,0.3101248431558557,0.826556907919449,0.5378432656283155,5.2905887117788755,1.2971121195175113,0.24517349394967014,0.014148606502300431,0.010369384574057467,0.01638203153794837,0.010297158053570924,0.46807302650011806,0.31614605109537075,0.7218425167510709,0.4729550566753309,4,4,1.5263671875,4.328125,1.525702948161579,1.525948879205655,1.5261320206162976,1.573255036393879,1.523407462815606,1.5573268992431146,1.581495322436753,2.004776590255547,0.6474609375,1.5068359375,1.52734375,0.5827432806083802,0.6077899099354488,1.524137703579785,0.27689742072817813,0.0003349979549618354,0.0005204675148012812,0.00035680646263624993,0.0003704108971111325,0.49236526206505626,0.525046440994332,0.945727101302321,0.997191839608425,5.2905887117788755,1.4384542023191467,0.27188925102353867,0.014926232837724207,0.01899115095178811,0.017370321139093647,0.017157141944943693,0.48785555705725336,0.5408244788985548,0.8278417174517196,0.8734915957682
8,test,,0.7360439300537109,45.59375,46.75,1.46484375,1.8564453125,2.05078125,5,3,1.9697265625,4.12890625,1.9719075601899565,1.9721433223026188,1.9724114774774317,2.017073960220721,1.9712437173255584,2.003493067578597,2.038477281512267,2.4238287024073744,0.52294921875,1.4853515625,1.5078125,1.232421875,0.42736172042465764,0.4887041583543945,5.50434055893928,1.3785656696492137,0.25045064978953113,0.00033906379678061427,0.0002748824155335602,0.0004195487563736222,0.000270134506351755,0.47250792154151355,0.3093154357208952,0.8232147761827582,0.5351711450302158,5.2592090786180785,1.3097546559290576,0.24904023330314368,0.009303887322387183,0.007183127079240416,0.0139596180647521,0.009033580560450599,0.4636457765423563,0.31710443611902933,0.714917603137029,0.4775768865112016,3,3,1.5263671875,4.328125,1.525822933805414,1.526069674752444,1.5262532789901413,1.5733798226395272,1.523407462815606,1.5573268992431146,1.581495322436753,2.004776590255547,0.6474609375,1.5068359375,1.52734375,0.5833140969114656,0.6083046865726861,1.5238404621396997,0.27684341944738844,0.0002907645456620145,0.000452454516046191,0.0003215580365614201,0.0003341688783945989,0.49236572297747294,0.5256129246957401,0.9457275622147367,0.9982552161919515,5.2592090786180785,1.453048482756414,0.2762865025967403,0.009588560589478767,0.01343858005061347,0.014271562609359911,0.014811118168707539,0.4820055079041703,0.5474887773928214,0.8177071774854117,0.8934359442401931
9,test,,0.7391147613525391,45.84375,47.21875,1.4599609375,1.8564453125,2.05078125,5,3,1.9697265625,4.12890625,1.9697381998492918,1.9699758860130503,1.9702442300312448,2.014969913103784,1.970551073018835,2.002801196605459,2.0372510059770947,2.4231515525405602,0.52294921875,1.4853515625,1.5078125,1.2333984375,0.4277308570830411,0.48945528113820524,5.50434055893928,1.3802686950481051,0.25076004659749673,0.000458432058984215,0.00037186439923114246,0.0005238348289893224,0.0003374316669442901,0.4727317849592598,0.3096024255490497,0.8226017668720296,0.5350136456958322,5.246681679046137,1.2877777934477703,0.24544614524468203,0.006167621965617265,0.004618139479162648,0.011173673122888417,0.007319232084940552,0.4141534980620163,0.27329002591652635,0.6876488073640106,0.45992298839039486,3,3,1.525390625,4.328125,1.526760204264127,1.5270018209642813,1.5271823213962286,1.5741159291516738,1.5426075544271693,1.5762809916747722,1.6005711001441032,2.021221812630596,0.6474609375,1.5068359375,1.52734375,0.5833140969114656,0.6083046865726861,1.5238753815344126,0.27684976342162826,0.0002307801357961381,0.0003592864256520264,0.00031554892888596697,0.0003280294597928644,0.4923658546731886,0.5257865042818023,0.9457276939104542,0.9985810553531842,5.246681679046137,1.4271381282817088,0.2720077594913604,0.006286338380053991,0.008348026388413808,0.01138634758367374,0.012060145821739934,0.43111539953816,0.46209920714389213,0.7905956730361563,0.8662609044557812
10,test,,0.7410419583320618,48.625,49.53125,1.455078125,1.8544921875,2.05078125,5,3,1.9697265625,4.12890625,1.9681259178068473,1.9683658489816982,1.9686359374840292,2.0134736929612567,1.9528532766587345,1.9851498379297516,2.0196362955092524,2.4063761840953757,0.52294921875,1.4853515625,1.5078125,1.3681640625,0.4320593991638577,0.49520066630320797,5.50434055893928,1.3753271055505156,0.24986228428706628,0.0004199532416313545,0.0003412839058491617,0.0004833164876512086,0.00031179016598375565,0.47325642266526824,0.3104102949474598,0.8279973355979857,0.5393239541659989,5.3329089981556885,1.3138269815602324,0.2463621603171179,0.011066865619278055,0.00830207001419094,0.011787218033364688,0.007757976065292824,0.4187360778930218,0.2779210499348258,0.6988863466684485,0.46674360799380676,3,3,1.525390625,4.328125,1.525887483799704,1.5261324005191559,1.5263149284975264,1.5734004504354329,1.523407462815606,1.5573268992431146,1.581495322436753,2.004776590255547,0.6474609375,1.5068359375,1.52734375,0.5833140969114656,0.6083046865726861,1.523868184789348,0.276848455954369,0.00027322801963780563,0.0004250589757651689,0.0003293524998628783,0.00034221138315733917,0.4923655965549747,0.5255218884843499,0.9457274357922376,0.9980843787736909,5.3329089981556885,1.4526945782604763,0.2724019064947237,0.011419877966042158,0.015255101093429767,0.012036739234892124,0.01287438738554696,0.4363893140993689,0.47318203570740824,0.8063333599897744,0.8832290496849947
11,test,,0.7702902555465698,45.59375,46.75,1.4501953125,1.826171875,2.05078125,5,3,1.96875,4.12890625,1.9676179836664778,1.9678560236833527,1.9681240909956144,2.0129100813490775,1.946518895114854,1.978828894428176,2.011723547260976,2.400309126901635,0.52294921875,1.4853515625,1.5078125,1.369140625,0.41320539615866425,0.48170203657361843,5.50434055893928,1.3785744181577664,0.25045223917312015,0.00045237120641949957,0.0003671821359596295,0.000542893211926021,0.000349885389354892,0.4726540761277711,0.30971099448073325,0.8236438101691039,0.5359654283527318,5.268915809005399,1.292834774675939,0.24537017131043973,0.009915101903957613,0.007417795779431532,0.012198655441439499,0.007799887414463918,0.4324570881150871,0.2968846941708797,0.6671220704553384,0.44220803655842134,3,3,1.525390625,4.328125,1.526048870569604,1.526293658744277,1.5264760945927098,1.5735418922617825,1.523407462815606,1.5573268992431146,1.581495322436753,2.004776590255547,0.6474609375,1.505859375,1.52734375,0.5833140969114656,0.6083046865726861,1.523817232519436,0.2768391992106471,0.0002628198798335646,0.00040906246480529903,0.0003201629553961638,0.0003327691976391699,0.49236578882417614,0.5256943027721714,0.9457276280614426,0.9984079734506921,5.268915809005399,1.4297159747295547,0.27134917819069093,0.01012415671679534,0.013427004256149764,0.012485308143751261,0.012723191868786779,0.4508303826041793,0.5158227095656889,0.7717821195239418,0.8334863814393507
12,test,,0.7375836372375488,47.46875,48.375,1.4443359375,1.8447265625,2.05078125,5,3,1.96875,4.12890625,1.9683248210712865,1.968565888694671,1.968837694703689,2.013729781795359,1.9446232491130355,1.9769410967463985,2.011305763023932,2.3985690230016083,0.52294921875,1.4853515625,1.5068359375,1.4462890625,0.4227868974450787,0.4875682166063364,5.50434055893928,1.380628350060047,0.2508253868518089,0.00036117766550081143,0.000293881759892125,0.0004115839929328402,0.00026577577930344127,0.473378869577739,0.3108005275207162,0.8276397370275745,0.5396253968743617,5.347528306884754,1.2993014615278098,0.24297233917490538,0.011256159627936135,0.008412707875787486,0.013690478860326039,0.009009957661704175,0.44608504996612286,0.29280640903611777,0.6881189610108285,0.45186305016672157,3,3,1.525390625,4.328125,1.5246739007812682,1.5249232078794392,1.5251084230043932,1.5723976530707091,1.542607554427169,1.5762809916747722,1.6005711001441032,2.021221812630596,0.6474609375,1.505859375,1.5263671875,0.5833140969114656,0.6083046865726861,1.5237472975410908,0.27682649378706436,0.0002538749251792538,0.00039556724898751267,0.0002573207257094978,0.0002676455404564335,0.4923660574677706,0.5260841282530071,0.9457278967050362,0.9991397635164049,5.347528306884754,1.4420604305810767,0.2696685922586842,0.01172367371923766,0.015535932319917668,0.014129672935925264,0.015094111468817952,0.4644957275290347,0.494089098260409,0.7933478127277604,0.8444609118316619
13,test,,0.7246459722518921,47.90625,48.15625,1.439453125,1.8544921875,2.05078125,5,3,1.96875,4.12890625,1.9662149648492784,1.9664561840665378,1.9667259385806004,2.011646622662643,1.9552618041398904,1.9875496956782808,2.020826623146634,2.4086127872996617,0.52294921875,1.484375,1.5068359375,1.5771484375,0.43374838771674307,0.498785010840195,5.50434055893928,1.377320680626988,0.25022446665117065,0.0003803286760968305,0.00030776714444581216,0.0004866499924931489,0.0003128794159864781,0.47180979287239744,0.308397932368181,0.8213129119553777,0.5331441730329334,5.328050322812424,1.3134862211986174,0.24652286326479186,0.00981525643041703,0.007615900575828893,0.012738485760372953,0.008241632055566071,0.43875597872864613,0.2856058122567358,0.7342490557969565,0.48068646194459874,3,3,1.525390625,4.328125,1.525228250684483,1.5254745147998228,1.5256578908993474,1.5728346355597065,1.523407462815606,1.5573268992431146,1.581495322436753,2.004776590255547,0.64794921875,1.505859375,1.5263671875,0.5833140969114656,0.6083046865726861,1.5236428698065672,0.2768075218987145,0.0002563507029700318,0.0003994294274437244,0.0002692224385194564,0.0002800269647409821,0.4923660574704467,0.5260883037359302,0.9457278967077105,0.9991476044996495,5.328050322812424,1.4572112923257066,0.2734980347476362,0.01023010542745073,0.014536510600481287,0.013196628002809518,0.01373798247125661,0.45728343602035615,0.48074429578970856,0.8445295971448896,0.8960804569831938
14,test,,0.7921367883682251,46.53125,47.90625,1.4345703125,1.8076171875,2.05078125,5,3,1.96875,4.12890625,1.9687312097688197,1.9689702484231428,1.9692403518567188,2.0140578335922283,1.9816715396071078,2.0138946352639424,2.0493989177831087,2.4337348726179435,0.52294921875,1.484375,1.5068359375,1.3671875,0.38527386283192,0.44463119110444493,5.50434055893928,1.3787186267865048,0.25047843824768584,0.0004367492026897679,0.0003539716290907456,0.0005018631556437114,0.0003230578668320231,0.47235334957489883,0.30913998040130186,0.8233699105823327,0.5351443220098785,5.298481170836873,1.2277783342487154,0.23172269461038641,0.014882106899714032,0.01100076970698591,0.020138728673312123,0.012590576484749781,0.437062103190903,0.2727573484254957,0.6411929012556605,0.4083046822312445,3,3,1.525390625,4.328125,1.5253555555183782,1.5256026294495861,1.525786475315034,1.5729667154842597,1.523407462815606,1.5573268992431146,1.581495322436753,2.004776590255547,0.64794921875,1.505859375,1.5263671875,0.5833140969114656,0.6083046865726861,1.523714034877571,0.2768204507991417,0.00028024810240800946,0.0004364790852314939,0.0003059956633242322,0.00031818559023314856,0.4923659257853119,0.525934702891423,0.9457277650225775,0.9988592872680567,5.298481170836873,1.3617428524724147,0.257006264355061,0.015467036744657214,0.019882261919921356,0.021062035888626873,0.02055604140646856,0.45505454286074176,0.4428780707418977,0.7414508280675607,0.7448113131202604
15,test,,0.7233961820602417,49.3125,50.0,1.4296875,1.873046875,2.05078125,6,4,1.96875,4.12890625,1.9675058596491901,1.967747063117843,1.9680178469076348,2.012932904034363,1.9943908544396531,2.026382703495795,2.060835895721674,2.443992630694571,0.52294921875,1.484375,1.5068359375,1.5087890625,0.44538194246507967,0.510985017640132,5.50434055893928,1.3763705842086074,0.25005185806923297,0.0003002285546287453,0.0002440297887851285,0.0003295092082309381,0.00021259775250330004,0.47311106258711977,0.3103587503947026,0.8268443505012746,0.5386484333848633,5.35192402849698,1.3379889943847907,0.250001492409179,0.0031520830984250736,0.0024037871950842696,0.009550502665757854,0.006258286771963174,0.4485344951459762,0.2973570961517664,0.7545716930112851,0.49897236155900876,4,4,1.525390625,4.328125,1.5251588062400385,1.5254069686177913,1.525591488421628,1.5728176068700557,1.523407462815606,1.5573268992431146,1.581495322436753,2.004776590255547,0.64794921875,1.505859375,1.5263671875,0.5828398423648309,0.607878035553539,1.5234637709171026,0.2767749841428204,0.00029939690450309087,0.00046540162040243466,0.0004153834441744664,0.00043137334221072615,0.49236539376719435,0.5252366890155504,0.9457272330044573,0.9975489891275827,5.35192402849698,1.4832785758804061,0.2771486605531966,0.0032713562219148784,0.004512179121815603,0.009778686633477918,0.010405468749615166,0.4670617436907287,0.5065126308795201,0.8652973153050292,0.9344860314666089
16,test,,0.7602843642234802,47.90625,48.84375,1.4248046875,1.8837890625,2.05078125,5,3,1.96875,4.12890625,1.96817881949383,1.9684210275603933,1.968694050216793,2.0136421360119936,1.9025684520546335,1.9349892661045742,1.965628326849996,2.35856040649746,0.52294921875,1.484375,1.5068359375,1.3740234375,0.4466921451747997,0.4988500132452723,5.50434055893928,1.3711504483725996,0.24910349090697045,0.00031078126832895236,0.0002521701227476715,0.00040262921704226073,0.00025941753496873057,0.4730707440915891,0.30989881512589884,0.8260522058597592,0.5373859023444489,5.33592106442018,1.29218867962019,0.242167877676542,0.00833078158606515,0.006311377478306852,0.01657841032350138,0.010829986229642236,0.4491819090618847,0.28656147564183365,0.71929418641714,0.47304594206038403,3,3,1.525390625,4.328125,1.5248360262200447,1.5250852047645291,1.5252703284365965,1.5725398309566787,1.523407462815606,1.5573268992431146,1.581495322436753,2.004776590255547,0.64794921875,1.505859375,1.5263671875,0.5833140969114656,0.6083046865726861,1.523779963745911,0.27683242841346883,0.0002597158403405686,0.0004043962281647778,0.0002855643768331362,0.0002968892139273404,0.4923658599328453,0.525841545617711,0.9457276991701109,0.9986844116800071,5.33592106442018,1.4305148058667316,0.2680914482422495,0.008636719772906254,0.01172408445252557,0.017122908003867288,0.01807186174530865,0.4688121415884572,0.476341514888426,0.8256952000824596,0.8809639300381185
17,test,,0.7916426658630371,47.46875,49.78125,1.4208984375,1.8056640625,2.05078125,5,3,1.96875,4.12890625,1.9689433477452114,1.969181497642015,1.9694503417800786,2.0142499227161332,1.9673381269548573,1.9995959398435006,2.033651621247368,2.4200914329676473,0.52294921875,1.484375,1.5068359375,1.6474609375,0.39156810342716397,0.4547107852948861,5.50434055893928,1.3753324376053913,0.2498632529870983,0.00040708171016223815,0.00033099534131928794,0.00043345449497778077,0.00027973914592494285,0.47307029268222056,0.3104182035826336,0.8263759555592074,0.5384917915441362,5.400123682846777,1.2659549143721196,0.23443072579862606,0.013060274770199776,0.00968826926480452,0.018057149886251622,0.011298863805655817,0.45485957945391764,0.27901110959742215,0.7109512043306276,0.44372886147492,3,3,1.5244140625,4.328125,1.52467463513015,1.5249239422194658,1.5251091578174614,1.5723983848255807,1.523407462815606,1.5573268992431146,1.581495322436753,2.004776590255547,0.64794921875,1.505859375,1.5263671875,0.5833140969114656,0.6083046865726861,1.5235320178686775,0.2767873828944682,0.00024109155541207627,0.00037540614654271975,0.00027765402722579324,0.00028866991646707614,0.4923659205107809,0.525850501927259,0.9457277597480456,0.9987011730563458,5.400123682846777,1.3993138337802427,0.25912625635318187,0.013524825880750768,0.01762702410287463,0.01856645052178507,0.018249527450337512,0.4746032957794801,0.45222453936672175,0.8218456252886277,0.8045874931108521
18,test,,0.7537035942077637,48.375,49.3125,1.416015625,1.8447265625,2.05078125,5,3,1.96875,4.12890625,1.9691872462229278,1.9694314657640353,1.9697070827140473,2.0147237747905686,1.9769101578555606,2.0091460407138824,2.044924223193548,2.429227476811007,0.52294921875,1.484375,1.5068359375,1.5751953125,0.42399049977695635,0.48791871952944704,5.50434055893928,1.3814137267074111,0.2509680700013987,0.0003245219880216865,0.0002636207256123901,0.00046734158993544384,0.00030138579651177986,0.47300164600402184,0.31013972741188167,0.8257773090012588,0.537699791205566,5.349759076117243,1.2917535736571872,0.2414601396582364,0.007517297698344194,0.005781523267686669,0.00863492587531045,0.005548926586890052,0.4409109828600295,0.28655602799502466,0.7139527125941907,0.4623317094611673,3,3,1.5244140625,4.328125,1.5251812221990697,1.525429257882911,1.5256136759679013,1.57282596296164,1.523407462815606,1.5573268992431146,1.581495322436753,2.004776590255547,0.64794921875,1.505859375,1.5263671875,0.5833140969114656,0.6083046865726861,1.5235900186866065,0.2767979201817795,0.00024310403842431327,0.00037853376273140144,0.0002948926401931118,0.00030658920188542956,0.4923658599342593,0.5258446937146781,0.9457276991715231,0.9986903234366253,5.349759076117243,1.428534441529279,0.2670278083935853,0.007808658464716345,0.01091329293346614,0.008891177901380054,0.009152634972317277,0.4590776469611031,0.48123977120871425,0.8220338405838827,0.8566994198679978
19,test,,0.7858113646507263,44.90625,47.0,1.4111328125,1.82421875,2.05078125,5,3,1.96875,4.12890625,1.9707552225470366,1.9709930970111245,1.9712627060668488,2.016016534177106,1.9777602738079778,2.0099944671629744,2.046069946009845,2.430043968997057,0.52294921875,1.484375,1.5068359375,1.232421875,0.40912405246927763,0.47295128298316996,5.50434055893928,1.375705587895317,0.24993104499341226,0.00028201171340835884,0.00022867781850339336,0.0003697182011164202,0.0002380899205969728,0.4724074448459028,0.3093021715357417,0.823383139765494,0.5353708597910753,5.326701903509579,1.2877799359684594,0.24175933988721723,0.02369578641083958,0.017587261904487034,0.025597217079213586,0.01637194162110436,0.47852851828234133,0.313415785076444,0.6916439179694294,0.4491589693131266,3,3,1.5244140625,4.328125,1.5242831406627926,1.5245353621724516,1.524722325300208,1.5721043076409884,1.523407462815606,1.5573268992431146,1.581495322436753,2.004776590255547,0.64794921875,1.505859375,1.5263671875,0.5833140969114656,0.6083046865726861,1.5236084715782656,0.2768012726072811,0.0002842660287303289,0.0004424305585021659,0.0002912005686024344,0.00030266119000965403,0.49236572824644664,0.5256848975024839,0.9457275674837105,0.9983903688429973,5.326701903509579,1.4236561036768203,0.2672678384234009,0.024682301556002706,0.032142008751632506,0.026495275076291236,0.02692422368393778,0.4978873158710666,0.5255264659522247,0.7931749948759421,0.8258331773512283
20,test,,0.7557401657104492,46.75,47.6875,1.40625,1.849609375,2.05078125,5,3,1.96875,4.12890625,1.9667331367573044,1.9669743499537673,1.9672447485233946,2.012163030782056,1.9560124125427492,1.9882998483597807,2.0223889821500434,2.4093541664692184,0.5234375,1.484375,1.5068359375,1.4365234375,0.42412700975480233,0.48951223003166433,5.50434055893928,1.3795535828343117,0.25063012872520374,0.00033465405463317666,0.00027159013046873097,0.00048010714061064164,0.00030938197972272825,0.4727202499916787,0.3097147550635121,0.8252370572738048,0.5369340158472015,5.334136238064838,1.3137339681198146,0.24628804167859458,0.007587790118321003,0.005937128201231931,0.017494914020229402,0.0114909157583782,0.4410473452112704,0.28953483306468664,0.7446691739277913,0.48464623259440354,3,3,1.5244140625,4.328125,1.524307021655409,1.5245583573763952,1.5247447998984784,1.5721090093944343,1.523407462815606,1.5573268992431146,1.581495322436753,2.004776590255547,0.64794921875,1.505859375,1.5263671875,0.5833140969114656,0.6083046865726861,1.5236760050960951,0.276813541745992,0.00028147491882002385,0.0004380107469165293,0.0002842141986922897,0.0002953657547792606,0.4923657229833882,0.5256225446095265,0.945727562220652,0.9982732814356717,5.334136238064838,1.4571841548127666,0.2731809031074572,0.007719458967370585,0.011149020846450121,0.017886651535704345,0.019092029080535092,0.4593329694884414,0.4898695829801397,0.8560953870795718,0.9003109214548336
21,test,,0.774810254573822,46.28125,48.375,1.4013671875,1.83984375,2.05078125,5,3,1.9677734375,4.12890625,1.9664763592358614,1.9667175756661135,1.966987875774125,2.011907200561395,1.9919795380506713,2.0241761024843155,2.0598691540457437,2.4435157825816995,0.5234375,1.484375,1.5068359375,1.5087890625,0.4171487251012802,0.4799118220554907,5.50434055893928,1.3761665384520845,0.2500147880961203,0.00040259850365753636,0.0003263393668713557,0.0004388582232355276,0.00028253202258096406,0.47247110119126656,0.30925206835763347,0.8239889739005113,0.5356069176369335,5.374037937688858,1.2909333573092594,0.240216643849082,0.008794405141641981,0.0066946513425324245,0.01359583108580864,0.008469508506881595,0.4562245727241683,0.2930910403157535,0.7656817995998493,0.47777464178285073,3,3,1.5244140625,4.328125,1.524467680620726,1.5247188878057087,1.5249052380105839,1.5722497259871047,1.523407462815606,1.5573268992431146,1.581495322436753,2.004776590255547,0.64794921875,1.505859375,1.5263671875,0.5833140969114656,0.6083046865726861,1.5235471167542656,0.27679012598156943,0.00023257440773516436,0.00036222113652460014,0.00028239782757655263,0.00029364367488607824,0.49236592578127425,0.525927317085184,0.9457277650185398,0.9988454176443936,5.374037937688858,1.424750882910958,0.2651173846241365,0.009006177232877555,0.012310805476424198,0.013885248897786084,0.013570569236610446,0.4749652554700807,0.48738413400931063,0.8779644214112086,0.8603084296016501
22,test,,0.788390576839447,47.21875,48.625,1.396484375,1.8076171875,2.05078125,5,3,1.9677734375,4.12890625,1.9671392673728187,1.9673804762571656,1.967651797882747,2.0125678981136956,1.9895161869471478,2.0217201764274577,2.0580571758399513,2.4411998261773586,0.5234375,1.484375,1.5068359375,1.4345703125,0.40320415626566436,0.47267044896187077,5.50434055893928,1.3781169532592192,0.25036912932669103,0.00038043051997682653,0.00030957511286010893,0.0004285629588185458,0.0002767594517437395,0.47357699504386375,0.31095308044638237,0.8274721042166187,0.5395548218914705,5.347674018822517,1.2888655937292939,0.24101424080690018,0.013909221398972882,0.010780146906784563,0.022698617025383783,0.014400506735595842,0.4577892184675729,0.28916011843956557,0.7206735535095827,0.4581181645300632,3,3,1.5244140625,4.328125,1.5252036366858908,1.5254507865987421,1.5256346829882226,1.5728292033895694,1.523407462815606,1.5573268992431146,1.581495322436753,2.004776590255547,0.64794921875,1.505859375,1.5263671875,0.5833140969114656,0.6083046865726861,1.5236411339644322,0.2768072065399324,0.00020765742775807894,0.0003237730850400265,0.00022958834995012722,0.00023890789275177556,0.4923662550028043,0.5263275142695988,0.9457280942400699,0.9995966190902115,5.347674018822517,1.4261005047809003,0.2666767831699112,0.014208987070374768,0.02017337395434185,0.023105678595329415,0.023331567881997112,0.477373105424439,0.47868864730971633,0.834564476009918,0.8453851000279335
23,test,,0.7538363337516785,46.75,47.46875,1.3916015625,1.8330078125,2.05078125,5,3,1.9677734375,4.12890625,1.9679392725610925,1.9681794597790083,1.968450509187544,2.013326630959458,1.9964929078352607,2.028680196259312,2.0658771102906517,2.4478446079171468,0.5234375,1.484375,1.5068359375,1.57421875,0.4150859226149604,0.47958100718535684,5.50434055893928,1.3774985075883819,0.25025677332978,0.0004524977706896749,0.00036659505732774167,0.0004709523538419802,0.0003030679363260583,0.4717144673573923,0.3086264448708677,0.8212177853496563,0.5335817515201735,5.455119801306026,1.298989884069367,0.23812307178998565,0.016386784666132748,0.012327431222669645,0.01835740950929754,0.011341031151883825,0.46623192355591314,0.2916793084934303,0.7544841387152204,0.4778788822172209,3,3,1.5244140625,4.328125,1.5239372067355268,1.5241905711147279,1.5243782388509322,1.5718174402944993,1.523407462815606,1.5573268992431146,1.581495322436753,2.004776590255547,0.64794921875,1.505859375,1.5263671875,0.5833140969114656,0.6083046865726861,1.5236007728158598,0.27679987393611905,0.0002390714600624122,0.00037259360816084276,0.00025364727384413754,0.00026386814665135615,0.4923661233177734,0.5261731946698086,0.9457279625550381,0.9993069551943025,5.455119801306026,1.440480851595552,0.26406035138782513,0.016809646921187138,0.022555451813185644,0.018907835320814748,0.018274860761459687,0.4856657089357119,0.47876830491849987,0.8678611896192105,0.8724106914629898
24,test,,0.8108989000320435,45.375,47.21875,1.38671875,1.8173828125,2.05078125,5,3,1.9677734375,4.12890625,1.9692177038939955,1.9694609109287622,1.9697353819129881,2.014715643519734,1.9099150286106608,1.9423207482268774,1.9749716481204194,2.3656066164047895,0.5234375,1.484375,1.5068359375,1.57421875,0.3976386485579632,0.4579510368970423,5.50434055893928,1.3785813995661367,0.25045350751912737,0.0003237860031779505,0.0002628027829909891,0.00035673348067088995,0.00022990244752274733,0.4723084641182691,0.3094760092063021,0.8223422574280672,0.5351038464446142,5.432102230245604,1.2571287284593087,0.23142582285357127,0.01320512647720573,0.009402247834629542,0.017055248614871843,0.010512913247235384,0.4685966045746852,0.28362592906885375,0.7372326443599997,0.4515373078702002,3,3,1.5244140625,4.328125,1.5241224816974754,1.5243748317431378,1.5245618871478077,1.5719635910483183,1.523407462815606,1.5573268992431146,1.581495322436753,2.004776590255547,0.64794921875,1.505859375,1.5263671875,0.5833140969114656,0.6083046865726861,1.5235793561289654,0.27679598306369485,0.00022754500101207498,0.00035470193142031063,0.0002301738553622812,0.00023948145608833764,0.4923661891582576,0.5262468491381873,0.9457280283955214,0.9994452049051435,5.432102230245604,1.3880529666534926,0.2555277695115716,0.013658577675389694,0.016539305529329577,0.01761539034693005,0.016878237985867815,0.4875697988730652,0.4541755639442347,0.8437651954137086,0.8004755052838284
25,test,,0.7587786912918091,47.21875,48.15625,1.3818359375,1.8564453125,2.05078125,6,4,1.9677734375,4.12890625,1.9683682221191683,1.9686104269198204,1.9688827352536213,2.013830582042709,1.9757964512447883,2.0080357460480887,2.0440428351705777,2.428181478375054,0.5234375,1.484375,1.5068359375,1.57421875,0.4292611329612006,0.4930198325968239,5.50434055893928,1.3775514819786838,0.25026639744183027,0.0002989151333565587,0.00024260417444837043,0.0004209728520283562,0.00027129183547949706,0.4727316085873232,0.3097408836731375,0.825617442296088,0.5372136963385111,5.40745886639537,1.3085245671762695,0.24198511713294574,0.013130757581143015,0.009909583997472434,0.01163543681835133,0.0074761801471574674,0.44791939556916116,0.28404890884457684,0.7262803300170191,0.4698461728826523,4,4,1.5244140625,4.328125,1.5248367583768905,1.5250859369125467,1.5252710610559794,1.572540560527256,1.523407462815606,1.5573268992431146,1.581495322436753,2.004776590255547,0.64794921875,1.5048828125,1.5263671875,0.5828089362646709,0.6078500726957402,1.523495639558205,0.2767807738719917,0.00022717013489614857,0.000353952671517227,0.00024427066511822915,0.0002540692934384245,0.49236605746559814,0.5260786790507403,0.945727896702862,0.9991295306598699,5.40745886639537,1.45125989570956,0.2683811253245787,0.013552259599793892,0.01832830643179247,0.01176122242846045,0.01211629057402231,0.4666369580070935,0.4707456000715161,0.8386528681072223,0.873464016420142
26,test,,0.7607784271240234,47.21875,47.46875,1.3779296875,1.88671875,2.05078125,5,3,1.9677734375,4.12890625,1.967531232741233,1.9677744607522905,1.968047989982666,2.01303531715468,1.966952907721919,1.9992121591311607,2.0335132427698612,2.4197347411310814,0.5234375,1.484375,1.5068359375,1.57421875,0.45058762530890756,0.5085692327720879,5.50434055893928,1.3814846960202727,0.25098096333750347,0.00031571936483842933,0.00025699146119510606,0.00043443653951591443,0.00028061752337754214,0.47338509683520513,0.3109003080826048,0.8285216766448436,0.5403655919683094,5.357961555822569,1.3119640016010565,0.24486252615518073,0.00938571754053985,0.007150173411285689,0.006482421237911318,0.004177110366620687,0.4522799328333047,0.299830997578257,0.7431904777573584,0.4803843576993027,3,3,1.5244140625,4.328125,1.5241456298456237,1.5243970941114497,1.5245836284636223,1.5719675625459866,1.523407462815606,1.5573268992431146,1.581495322436753,2.004776590255547,0.64794921875,1.505859375,1.5263671875,0.5833140969114656,0.6083046865726861,1.5235345992823597,0.2767878518722966,0.00020093702713097628,0.0003133676037309721,0.00021459401080647922,0.0002233395070215996,0.4923663208490998,0.526411370321023,0.9457281600863654,0.9997540247602633,5.357961555822569,1.449868689644466,0.2706008011701529,0.009599646344360835,0.013187877642327041,0.006549016239802974,0.006771460116190146,0.4712623765468038,0.510184202836716,0.8550212456548207,0.8884857204449141
27,test,,0.7806879878044128,45.375,45.375,1.373046875,1.8330078125,2.05078125,6,4,1.9697265625,4.12890625,1.9677137979476367,1.9679492111969195,1.9682144301151872,2.0128291264590263,1.9722730624407956,2.00452027494123,2.039839456277408,2.4248155283616217,0.52294921875,1.4873046875,1.5087890625,1.4365234375,0.416030448649571,0.48295783827267696,5.50434055893928,1.3744802759129686,0.2497084366774427,0.0004961441068980221,0.0004023482780742232,0.0005475618879984268,0.00035264124480158325,0.4734960884606645,0.3100365739858729,0.8262144520075028,0.5372490230936608,5.374863555004582,1.3108290565179745,0.24388136426225188,0.012146506502285881,0.009393468058120198,0.01781403033035467,0.011309437781458572,0.46012869199786177,0.29689676976952023,0.7060942048392151,0.4545770230785969,4,4,1.5263671875,4.328125,1.526698628514464,1.5269421218564727,1.5271237506218898,1.5741037701984333,1.542607554427169,1.5762809916747722,1.6005711001441032,2.021221812630596,0.6474609375,1.509765625,1.5283203125,0.5827929660861032,0.6078354386172881,1.5239915645306419,0.27687087094486107,0.0002778270731065291,0.0004320184979987035,0.00029507183061561193,0.00030649980453539404,0.49236546486656874,0.5253589222197769,0.9457273041038325,0.997778466783209,5.374863555004582,1.4472196598421256,0.2692570043930895,0.012753702754845442,0.01802752798231415,0.01868016702551767,0.018877926289922714,0.4800242105858441,0.49786135668164794,0.8185949441426121,0.8459370605069892
28,test,,0.7716472744941711,49.53125,50.46875,1.3681640625,1.8310546875,2.05078125,5,3,1.9697265625,4.12890625,1.9682442660113568,1.968479135333689,1.9687440222810073,2.013399295411013,1.9913296989080427,2.023528788208209,2.0597211426352806,2.4429160095919564,0.52294921875,1.4853515625,1.5078125,1.509765625,0.41737281649122254,0.48598910659502725,5.50434055893928,1.3723785836891524,0.24932661215163224,0.0004533063478628918,0.0003683927479718785,0.00048692166487818156,0.000314118412785464,0.4729655553896501,0.31022208809683394,0.8250945604781981,0.5374376320742125,5.406514288656365,1.3085076236795115,0.2420242607006415,0.006483461877444974,0.004960400982040702,0.011654424017550014,0.007560228882909749,0.4618543317876851,0.29225860104502627,0.737625871425581,0.4754924550449534,3,3,1.5263671875,4.328125,1.5262000593408376,1.5264447715426706,1.5266271563025735,1.5736786768741013,1.523407462815606,1.5573268992431146,1.581495322436753,2.004776590255547,0.6474609375,1.5068359375,1.5283203125,0.5833140969114656,0.6083046865726861,1.5241907688089733,0.2769070613433654,0.00025415656798255526,0.0003950630544847886,0.00039215058046071505,0.0004072364320060452,0.49236545433306844,0.5252238716558163,0.9457272935703331,0.997524861538341,5.406514288656365,1.4462946650308384,0.2675096351942267,0.006583104048508481,0.009072286238955592,0.01191799196495591,0.012412922428408952,0.48049898438570793,0.48103797898191536,0.849251389595179,0.8756302615514001
29,test,,0.7438881993293762,46.28125,47.0,1.36328125,1.8544921875,2.05078125,5,3,1.9697265625,4.12890625,1.9717941831016683,1.9720274159507172,1.9722921727320462,2.0168011909800714,1.935281366169895,1.9676218556023195,2.0010655217648434,2.389677124786872,0.52294921875,1.4853515625,1.5078125,1.3759765625,0.4321819386282126,0.49993563683180925,5.50434055893928,1.3758804142257244,0.24996280653297095,0.0003785884983278365,0.0003073895814673253,0.0004867543829227827,0.00031378238812051763,0.4733754866631559,0.31026163550997005,0.8275854413094335,0.5386647083033299,5.4215756825869015,1.3274178159488368,0.2448398572046605,0.0020101728908175076,0.001512503738302448,0.012379524301624478,0.007905166907839585,0.46437913289093835,0.2969941473176063,0.754605963180973,0.4887394658772633,3,3,1.5263671875,4.328125,1.5263317467017465,1.5265772686666021,1.5267601260783596,1.5738151238447546,1.523407462815606,1.5573268992431146,1.581495322436753,2.004776590255547,0.6474609375,1.5068359375,1.52734375,0.5833140969114656,0.6083046865726861,1.5237546092460494,0.27682782213963997,0.0003210479310640224,0.0004983848844686674,0.00041631091784566365,0.00043194714812053593,0.4923651198418053,0.5247505545659233,0.9457269590790691,0.996636311549224,5.4215756825869015,1.4711000777081085,0.27134179504917916,0.0020679446561393533,0.002780505148660246,0.012811016230878103,0.013063169838671937,0.48422720688406073,0.4949719647389543,0.8699838217205986,0.9074815299303249
30,test,,0.744903564453125,46.75,47.0,1.3583984375,1.84765625,2.05078125,5,3,1.9697265625,4.12890625,1.9696992326104592,1.9699362348968086,1.9702046128896582,2.0149453521573113,2.002715122325691,2.03488596287323,2.0718817753007355,2.453740098380856,0.52294921875,1.4853515625,1.5078125,1.2333984375,0.4334458664218965,0.5037080208497338,5.50434055893928,1.373427016407594,0.249517085961749,0.0004882144365172536,0.0003956448694462856,0.0005530117863195017,0.00035595615175871886,0.4726001095951249,0.30927768606232725,0.8235033773817158,0.5351901836973393,5.412939704510386,1.3425114563234761,0.24801891940618054,0.0038294218238954514,0.0029651798187001048,0.010672545568018776,0.006834170020297278,0.46994235226342695,0.31320546482537714,0.7678836771643303,0.5011509923722901,3,3,1.5263671875,4.328125,1.5254496981080827,1.5256985417303932,1.5258834408034176,1.573093321112984,1.523407462815606,1.5573268992431146,1.581495322436753,2.004776590255547,0.6474609375,1.5068359375,1.52734375,0.5833140969114656,0.6083046865726861,1.5237184529690513,0.2768212534550517,0.000283032859409893,0.0004405408633196713,0.0003198679057110354,0.00033247169203941474,0.4923657888322399,0.525709183745428,0.9457276280695037,0.998435918341208,5.412939704510386,1.4862504226578221,0.2745736150394192,0.0038410811271409884,0.005465915050274509,0.011037647646202409,0.011344930420161227,0.4901153578566708,0.5375839366765249,0.883988527518051,0.9369128754017025
31,test,,0.7312739491462708,50.21875,51.15625,1.3544921875,1.8193359375,2.05078125,5,3,1.9697265625,4.12890625,1.9671537998968198,1.9673891891779356,1.9676540330001477,2.0122686322412457,1.9955862112469456,2.027774566985482,2.064166447447901,2.446959254795642,0.52294921875,1.4853515625,1.5078125,1.2333984375,0.42490628556656657,0.5037168707824695,5.50434055893928,1.3774653239585593,0.2502507447002889,0.0003712088797911406,0.0003009719701291987,0.0005626515041345925,0.0003623018823720827,0.4722738646368736,0.30918646499528346,0.8237409205833481,0.5355549028911611,5.44164729966068,1.35014335282888,0.24811298463115566,0.0037729389685816628,0.0029923722246818817,0.00938484531052275,0.006080320986274908,0.4661266912297162,0.3004799541942948,0.7715093731811722,0.5046238183234811,3,3,1.5263671875,4.328125,1.5259874331877736,1.5262340670793388,1.5264176045125397,1.573527337589416,1.523407462815606,1.5573268992431146,1.581495322436753,2.004776590255547,0.6474609375,1.5068359375,1.5283203125,0.5833140969114656,0.6083046865726861,1.5240051008264517,0.2768733301487684,0.0002536258525402957,0.0003942181907779493,0.0003576314292912386,0.00037137681095366883,0.49236533317901277,0.5252055604933317,0.9457271724162766,0.9974905892900165,5.44164729966068,1.49266363438556,0.2743036349449985,0.0038428261672436292,0.005684998476828962,0.009451348622629752,0.009859682520547235,0.4849944247657678,0.5018659014361893,0.8859987506239912,0.9385690525579747
32,test,,0.768190860748291,46.75,47.90625,1.349609375,1.861328125,2.05078125,5,3,1.9697265625,4.12890625,1.9701352269605863,1.9703688077607173,1.9706333640902491,2.0152062332494673,2.00644388547294,2.038606148967722,2.0762901802323133,2.457298347288451,0.52294921875,1.4853515625,1.5078125,1.369140625,0.4344814158947558,0.4981589834852549,5.50434055893928,1.3754087579356096,0.24987711846824015,0.00035371324308375307,0.00028707957498609073,0.00038676333484488623,0.0002492461238626267,0.4727945116044534,0.3097824901828496,0.8249372598628231,0.5367717881381784,5.3962889867675425,1.3188352749817347,0.2443967100753321,0.00962729193541545,0.00739898079849133,0.013525681139014978,0.008779147413543461,0.4649591015826058,0.2937232931133574,0.7549763643550556,0.48661101992144445,3,3,1.5263671875,4.328125,1.5254887143619438,1.5257365980384314,1.5259209174671116,1.5731046287397357,1.523407462815606,1.5573268992431146,1.581495322436753,2.004776590255547,0.6474609375,1.5068359375,1.52734375,0.5833140969114656,0.6083046865726861,1.5240036460604676,0.2768730658544413,0.00033856352506855814,0.0005258357407978616,0.00037175543911693865,0.0003858458153646694,0.4923653726887425,0.5249290935869922,0.9457272119260072,0.9969713618581241,5.3962889867675425,1.459837853762821,0.2705262556068713,0.009917861752757773,0.013877559918067231,0.013951291380842612,0.014621475903712662,0.48544639517299526,0.48715648354345514,0.8722954416101185,0.9039284755927156
33,test,,0.7707799673080444,47.6875,47.6875,1.3447265625,1.84765625,2.05078125,5,3,1.970703125,4.12890625,1.9703480787648548,1.9705820367127316,1.9708475424156493,2.0154764337984505,1.989359387649755,2.021562586220293,2.057143327135779,2.4410274436437844,0.5224609375,1.4853515625,1.5087890625,1.375,0.4248053495760817,0.4900889603018514,5.50434055893928,1.3780972017516173,0.2503655409753907,0.0004826143713243525,0.00039108987267947746,0.0006742848213043828,0.0004340009943281001,0.47200078259325373,0.30887481918443827,0.8226073353453849,0.5345895339081647,5.413487070890692,1.3057357912747372,0.24120050056015035,0.009954104849195566,0.007409735664183351,0.012996585242771808,0.008235469806112736,0.44926400072741846,0.28440898847954615,0.7499598144289905,0.4838263302137185,3,3,1.52734375,4.328125,1.5273269826046452,1.5275692886790773,1.5277501980012131,1.574657662086592,1.523407462815606,1.5573268992431146,1.581495322436753,2.004776590255547,0.6474609375,1.5068359375,1.5283203125,0.5833140969114656,0.6083046865726861,1.5236876998084583,0.27681566638058497,0.00027990931397248175,0.00043397074242943975,0.0004160206969006097,0.0004312794903369934,0.49236484811565795,0.524292619687668,0.9457266873529209,0.9957765715536704,5.413487070890692,1.4450142945451574,0.2669285574385617,0.010373190512124708,0.013579714980958613,0.01339102203740783,0.013409592288877647,0.46761050343303445,0.4675474624988675,0.8611416806336463,0.887268067100149
34,test,,0.7474681735038757,48.625,49.53125,1.3408203125,1.8447265625,2.05078125,5,3,1.970703125,4.12890625,1.9706747047054083,1.9709028171913245,1.9711616192670078,2.0154850209189985,1.9293106923617058,1.9616659036392727,1.994619985018026,2.3839989940544424,0.5224609375,1.4853515625,1.5087890625,1.58203125,0.42879476692549884,0.49852422467807245,5.50434055893928,1.3748072632858546,0.2497678420447859,0.0003488501463317917,0.0002839109309211422,0.0006452071855367336,0.00041670498922901543,0.4734523002297051,0.3109015639953144,0.8274051378599783,0.5395634780920233,5.416357839931187,1.3206992941904632,0.2438353102252273,0.005698185723056248,0.004451146310557818,0.0043450164065141905,0.002777291407073894,0.46461397683694283,0.29641135966188636,0.7522327998917095,0.4870253831063783,3,3,1.52734375,4.328125,1.5267832859489674,1.5270277901814797,1.5272100522457237,1.574218389926342,1.523407462815606,1.5573268992431146,1.581495322436753,2.004776590255547,0.6474609375,1.5068359375,1.5283203125,0.5833140969114656,0.6083046865726861,1.5238810519539303,0.2768507935939908,0.0004285317121723864,0.0006642032167082846,0.00043798324212396267,0.00045396013326796887,0.4923647195031995,0.5241887955586373,0.9457265587404651,0.9955817102081018,5.416357839931187,1.4646149863526121,0.27040587598459326,0.005863652192552138,0.008429840665774206,0.004375530669847194,0.004465277241709748,0.48346340003753685,0.4918810817205689,0.863708690869867,0.8997259268390337
35,test,,0.7854424118995667,47.6875,48.375,1.3359375,1.8544921875,2.05078125,5,3,1.9736328125,4.12890625,1.9749756076792622,1.9752042256935536,1.9754660648688398,2.0197206762163025,1.9744169252832424,2.0066582348570443,2.041813046429771,2.4268421680493217,0.52197265625,1.4873046875,1.5107421875,1.240234375,0.42888223309637363,0.495164796325474,5.50434055893928,1.375262972485545,0.24985063292496687,0.0005162351831380363,0.0004178639407577659,0.0008009512305129363,0.0005150684511557729,0.473279653911689,0.3094302723737091,0.8265032085992718,0.5366366438661025,5.371943485776493,1.3130955765340488,0.24443585082582941,0.004815230511136193,0.0036887446396875433,0.010100498250412038,0.006494460120267263,0.43453733593654675,0.2779292892591131,0.7425490269723145,0.4803700499980312,3,3,1.53125,4.328125,1.5313559917851134,1.531595012103965,1.5317739602412055,1.5783588967785975,1.523407462815606,1.5573268992431146,1.581495322436753,2.004776590255547,0.646484375,1.5087890625,1.5302734375,0.5833140969114656,0.6083046865726861,1.5242562677853095,0.27691896085714635,0.0005150957262110012,0.0007937869182939937,0.0006916938045442578,0.0007141663277715437,0.49236343290367657,0.5221156203706473,0.9457252721409413,0.9916892913704463,5.371943485776493,1.4550522702702484,0.27086142550137543,0.0046461030079099075,0.006423685418281639,0.010202780431680658,0.010484385040819416,0.4529984490069321,0.4615952423252398,0.8551593750350879,0.8873896148407501
36,test,,0.7969471216201782,47.21875,48.625,1.3310546875,1.837890625,2.05078125,5,3,1.97265625,4.12890625,1.9741315651097862,1.9743530376712057,1.9746071973006805,2.0186099893301073,1.9655867256884025,1.9976514567859416,2.030864827898969,2.4166365620933656,0.52197265625,1.4873046875,1.509765625,1.236328125,0.4174853725335846,0.4794973848185901,5.50434055893928,1.3768179680485613,0.2501331364413038,0.0006428346415487951,0.0005196598221132557,0.0007866533010654209,0.0005053489726843178,0.4726510488345044,0.30869324488622774,0.8245850493807829,0.534830217268512,5.387396627621393,1.2877081346607155,0.2390223374419076,0.020598193190907388,0.01557260395091441,0.015381289087540218,0.009576327609641949,0.4621904088550677,0.2915220842526978,0.7590714179652007,0.48003077009512884,3,3,1.5302734375,4.328125,1.530254479411119,1.5304946720248476,1.5306742859218039,1.5773357441728715,1.523407462815606,1.5573268992431146,1.581495322436753,2.004776590255547,0.646484375,1.5087890625,1.5302734375,0.5833140969114656,0.6083046865726861,1.5242280454612707,0.2769138335719182,0.0006065906419161493,0.0009379725962775406,0.000605959918427601,0.0006270748421598698,0.4923641111412733,0.5233400575927497,0.9457259503785371,0.9939883113803916,5.387396627621393,1.4273552290646125,0.26494340916844816,0.02123236791407468,0.028521186486781036,0.015847801434899722,0.015417644508106275,0.4809277196263526,0.4775074806104666,0.8684005753183479,0.8657847267899863
37,test,,0.7803710103034973,47.21875,48.15625,1.3271484375,1.826171875,2.05078125,5,3,1.9990234375,4.12890625,1.9973721608467767,1.9975871685755584,1.9978339011451143,2.040466758241277,1.9388728949179364,1.971201879101304,2.0035424160425515,2.3930403658950876,0.515625,1.4921875,1.52734375,1.412109375,0.4145623007184563,0.4847070527325289,5.50434055893928,1.3801560307889549,0.25073957834013805,0.001023637810775746,0.0008139048536710663,0.0012188924668903311,0.0007727659961858347,0.47258742546757215,0.30454336390405123,0.8250960666795129,0.5280868474871641,5.416629713676078,1.3039061679141057,0.2407227809244487,0.007599343836312222,0.005671805033121948,0.013948253658531584,0.008714341799563957,0.4524270808247097,0.2800913720716059,0.7560772466938799,0.47402372274916044,3,3,1.5634765625,4.328125,1.563598874269743,1.563830532651907,1.5640066582788432,1.6093100513108047,1.5617786059174994,1.5952061138208236,1.6196135896382327,2.03763938286267,0.63916015625,1.513671875,1.5478515625,0.5833140969114656,0.6083046865726861,1.5253465850721952,0.27711704403808524,0.0008593770779903309,0.0012598013907995902,0.0010700628861783912,0.001068165058812468,0.4923574517863232,0.5043316532152845,0.945719291023587,0.9582804507600073,5.416629713676078,1.4486528513580583,0.26744542786457304,0.007652748304961321,0.010085092048005744,0.01407440814166705,0.0138041082410618,0.47169811077812973,0.4560736224201813,0.8722063053910158,0.8601685412858311
38,test,,0.7854158282279968,47.6875,49.0625,1.322265625,1.8291015625,2.05078125,5,3,1.994140625,4.12890625,1.990204457680917,1.9904183622723552,1.9906628884948885,2.033601190332537,1.959994866204758,1.9920765985421232,2.0265488250492805,2.41138213316934,0.51708984375,1.52734375,1.53125,1.263671875,0.40636065453960235,0.46881660501763694,5.50434055893928,1.378789074261855,0.25049123677906227,0.001064760891400951,0.0008479994991261227,0.0013052448381722925,0.0008286012010253943,0.4720243443272505,0.3045871478563717,0.8221131357265214,0.5268763051871446,5.368515656117122,1.2739547497046233,0.23730111474165555,0.019129630722459545,0.014236244781707904,0.020819821758379042,0.012968755859961583,0.43974895308448136,0.269009481893083,0.7059550782811446,0.437680856431558,5,5,1.5556640625,4.328125,1.5553948677243652,1.5556297570115034,1.555807765500997,1.601626725544708,1.542607554427169,1.5762809916747722,1.6005711001441032,2.021221812630596,0.640625,1.552734375,1.5556640625,0.5823184222539516,0.6074086845527046,1.5255724701409281,0.27715808166399414,0.001215339314962982,0.0018122711373006024,0.001408234375989359,0.0014221133402944762,0.4923604095395069,0.5103648980246838,0.9457222487767716,0.969616494354838,5.368515656117122,1.4086309199061098,0.26238741025204126,0.019583094696816516,0.02547048362633561,0.0211379141528365,0.02051208481404672,0.4577759743349086,0.43193477978667594,0.8134452331934527,0.783609611391046
39,test,,2.0825212001800537,37.71875,38.4375,1.3173828125,1.8427734375,2.046875,13,6,2.228515625,4.09375,2.2310641889484026,2.231214221567164,2.2313743371538015,2.2662286247191785,2.182900179836379,2.2120043988297864,2.240179676314619,2.598890654016111,0.455322265625,2.025390625,1.953125,1.6650390625,0.3610795656970736,0.4317909359168947,5.50434055893928,1.2424260655807609,0.22571751371070398,0.007102222953289328,0.004350235619264196,0.10979273002848267,0.05623963770512201,0.2134966098397726,0.11080944827016662,0.8094941260183486,0.41783898075623344,5.337675809845571,1.0394936494144047,0.19474649387604512,0.03365942564313684,0.01860929638942597,0.06637078856151923,0.03134840863943113,0.17476005832164532,0.08625622587601615,0.6804653629787945,0.3288514131170153,12,6,1.9267578125,4.29296875,1.9255330100085288,1.9256935684584733,1.925803960715735,1.9627376516176283,1.914614975441121,1.9442710910678507,1.9632143476345836,2.343631643466097,0.55126953125,2.140625,2.17578125,0.4920504486781201,0.5453126249613525,1.4216084106081588,0.25827043137790723,0.008658408726036626,0.007576958919236661,0.133993795386262,0.09162892202610379,0.24402658015608303,0.16983726040843347,0.9283355008266785,0.6413545796921197,5.337675809845571,1.1916592721222905,0.22325433663922115,0.03943101395071391,0.029103575314894346,0.07936494102534741,0.04771515752982159,0.1963394069097033,0.1248843969776083,0.7870894312379786,0.4872622483349989
40,test,,0.7811962962150574,49.0625,52.78125,1.3134765625,1.8212890625,2.05078125,11,6,2.30078125,4.12890625,2.295461047088887,2.2956557982651082,2.29591888961825,2.3356780270225803,2.314488185980679,2.344508781662269,2.383872829953615,2.735770835718024,0.44287109375,1.7578125,1.7880859375,1.900390625,0.34572439560598006,0.4391861499252521,5.50434055893928,1.5336454950805907,0.27862474689904243,0.02425582755687028,0.017277390015753114,0.0986809541718694,0.05725515276380677,0.47260111844788355,0.27832699991203524,0.8235703373997039,0.4820030275079157,5.391067062333031,1.4281154292485643,0.2649040371296244,0.02719328213999983,0.017804024725067553,0.1100192284225523,0.06153994986823337,0.4667521183283183,0.2623530545596949,0.7655742173040219,0.43048929926014,10,7,1.8994140625,4.328125,1.8960433655723188,1.8962560948444918,1.89648449090594,1.939032136254904,1.8706921623042936,1.9026546836102003,1.9348202505341803,2.3239450546407987,0.56103515625,1.7900390625,1.8193359375,0.5171955176012522,0.5858877716540811,1.6975519574130278,0.30840242155004965,0.02610692403532955,0.030973434139316514,0.10599465455446033,0.09117780137437768,0.49235507739716944,0.4330357957461981,0.9457169166344324,0.8240684301289147,5.391067062333031,1.5765663026058747,0.29244049172031666,0.029003770725632982,0.02955126496249648,0.11860946774599945,0.09550836606482936,0.48573460003636537,0.3938789689553324,0.8743549372116011,0.709421497366053
41,test,,0.7925329208374023,51.375,52.78125,1.30859375,1.8701171875,2.046875,9,5,2.27734375,4.11328125,2.277290832397242,2.277486617678087,2.2777468678025437,2.317796680571947,2.261556301633998,2.291903703424103,2.3282999064916425,2.6872003405071903,0.446533203125,1.759765625,1.7880859375,1.8173828125,0.3717462740873311,0.45741873268337097,5.50434055893928,1.5061900687450924,0.27363678766187105,0.034091456905066764,0.024080980736933696,0.05055035884455439,0.02913020674918102,0.4712321368009711,0.2756062743800197,0.8163600277843948,0.4745074724591248,5.397213025421742,1.4368865001670295,0.266227494338108,0.05933223036151869,0.04024638429918942,0.07821468040895319,0.0437910849959214,0.4563612999624356,0.2616113314416879,0.7655377539906265,0.4360972526800407,6,5,1.876953125,4.31640625,1.8714478164517399,1.8716594424492112,1.8718813585525917,1.9146330135547331,1.88213548339727,1.9140348025456864,1.9457465084303027,2.33417967779058,0.5654296875,1.7939453125,1.822265625,0.5162380254799572,0.5827054087079059,1.6580424533615423,0.3012245400893322,0.03742454579710941,0.04380254992050129,0.05638740626638139,0.04802951077290896,0.4923565729482995,0.4286967842619548,0.9346425574760486,0.8063305592545715,5.397213025421742,1.5874138029114286,0.29411731488723053,0.06462322866068071,0.07036060756545694,0.08376647980698415,0.06808515810803521,0.47926861730178416,0.4032007060791976,0.8801072843189734,0.733627957372392
42,test,,0.7693732380867004,52.53125,53.9375,1.3046875,1.8544921875,2.05078125,9,5,2.2578125,4.12890625,2.2584294451216267,2.258629762058275,2.2588947345323733,2.299412247675893,2.2872766540683465,2.3173693769395034,2.3546335170907153,2.709987426412467,0.452880859375,1.775390625,1.7841796875,1.6806640625,0.3723058648199152,0.46479709217494286,5.50434055893928,1.5231354582045564,0.27671533799465237,0.04354661385074454,0.031610895519531036,0.08378940473781338,0.04936901559576302,0.47326457614699624,0.28310632029401195,0.8282542113021769,0.49232868024524734,5.396075495048523,1.4579570315087684,0.2701884050448516,0.061248950747844866,0.04281784020379058,0.09446298443560419,0.055282041200173326,0.4625589710240394,0.2708232907460236,0.758142356636947,0.4472019489539992,7,6,1.85546875,4.328125,1.852575646209337,1.8527921091300963,1.8530148330318283,1.896295790261732,1.859016795688965,1.8909889778590774,1.9220559715556234,2.3124797449065864,0.5712890625,1.810546875,1.81640625,0.5244299951704232,0.5890269088276477,1.682466379787516,0.3056617521703158,0.04627053665099101,0.05692278083075342,0.09348610863987084,0.08254924944360027,0.49235840712988654,0.4447803251816725,0.9455766936253704,0.8460744952647716,5.396075495048523,1.6165332998871995,0.299575738213919,0.06651764350854794,0.07665511692274704,0.10299504626433098,0.08987002490165799,0.4821739404338503,0.4210117930138218,0.8723227505453144,0.7701929969506679
43,test,,0.8144973516464233,52.53125,52.78125,1.2998046875,1.82421875,2.02734375,11,6,2.248046875,4.0546875,2.2418179283860518,2.242003098324638,2.242231739825742,2.281532966423958,2.2610383041721898,2.2912221931861034,2.3284317548995968,2.6855427963834333,0.446044921875,1.7578125,1.7724609375,1.5849609375,0.3525337046618153,0.4381332768249892,5.50434055893928,1.4939993081551317,0.27142203360379186,0.048808951971125225,0.034895649386124286,0.0948202549191075,0.0551814541367022,0.46846608084546926,0.27673828198806216,0.7980668910441908,0.4685010470620082,5.400000041457313,1.463066292777596,0.270938200286153,0.049994878871459925,0.03566446365472097,0.10858947906192817,0.06338628523448331,0.44677956891844683,0.2649350965250172,0.7549190214578205,0.4515627771520924,8,6,1.876953125,4.27734375,1.8737861783800547,1.8739808245968137,1.8741745291694245,1.9156022731426618,1.8937193457967363,1.9250172671971235,1.9547728747664603,2.340178260978665,0.56103515625,1.7958984375,1.8232421875,0.49863299293758934,0.5582237355634159,1.6556697216457215,0.3007934745165512,0.05873185497638023,0.06787104071879264,0.10836876765744385,0.09145284983719217,0.4922624419820565,0.4245662550213638,0.910348839649477,0.778021026610173,5.400000041457313,1.630797669941251,0.3019995661891038,0.056091993233598814,0.06455681604085255,0.11946398507578948,0.10122315079298785,0.4663632765721548,0.4043230954685223,0.8651155434364082,0.7596326555935032
44,test,,0.7854194641113281,53.0,55.09375,1.2958984375,1.810546875,2.05078125,10,5,2.353515625,4.12890625,2.3543541131929615,2.3545355855105865,2.354786610117595,2.39310732073431,2.3648423173535433,2.394326640199537,2.433483647403565,2.7797427470887737,0.429931640625,1.767578125,1.8203125,1.939453125,0.34405925804685483,0.43380215764982333,5.50434055893928,1.5412837055900028,0.28001241730708204,0.04517631217984697,0.031170258465820583,0.0981538383954117,0.05548661645082162,0.4725724028920144,0.27105746967266514,0.8249705849344693,0.47031671129444313,5.4116328259562,1.4463750665427346,0.2672714711178081,0.06813521421527735,0.04349128058874655,0.11329586388886437,0.06248580965433244,0.45050651586212975,0.2440408974330773,0.7526485227797002,0.41128007487597545,7,5,1.974609375,4.328125,1.9691124981921513,1.9693058402169628,1.9695231870356693,2.010585391479045,1.9796792491320352,2.010926870204408,2.0441823879851966,2.423023542266403,0.5439453125,1.8095703125,1.861328125,0.5256210820501117,0.5872057614669918,1.7130087127631644,0.3112105245706802,0.05170473629819217,0.057423456800587296,0.11070032797072571,0.09073534744867809,0.49235238108445234,0.4121780165955492,0.9457142203217161,0.7847282946384647,5.4116328259562,1.601799969706093,0.29599199007428323,0.07550071187747065,0.07377031670225266,0.12554320758747828,0.09885593784535529,0.4693674744127794,0.36026262832375006,0.8679382791298327,0.6744757787277966
45,test,,0.7666491866111755,52.09375,52.53125,1.291015625,1.8544921875,2.046875,9,5,2.2734375,4.11328125,2.275439934370472,2.275629837833433,2.275880668851513,2.3154217544739177,2.3319449417638225,2.3617216137725445,2.4008153777907024,2.750514651207488,0.447265625,1.7802734375,1.791015625,1.6640625,0.37174845520169947,0.45928575709731506,5.50434055893928,1.5340843248883638,0.2787044712189813,0.040790620404928646,0.029594349787787078,0.09656933480330476,0.05687412493188032,0.4718337938302355,0.28212525069239497,0.820034034182469,0.4872276508638134,5.4174659004442685,1.4648079463832144,0.27038618669719555,0.061468893767557375,0.04337857697923896,0.1067964368527079,0.06172953668795585,0.4442800804670677,0.2551900152257898,0.7466745489080369,0.4365940607861408,7,5,1.8798828125,4.31640625,1.8796314288093097,1.879837452820701,1.8800506148552099,1.9223346909076098,1.8448346993918034,1.877224430233178,1.908420203110331,2.3023357175505694,0.564453125,1.818359375,1.8251953125,0.5230563892381412,0.583527667274068,1.6997588209890542,0.30880335306080847,0.04514725627123628,0.054987782962953105,0.10951281784323719,0.09600783087426065,0.4923569402550241,0.4415179772097747,0.9343005492335532,0.8299135700534721,5.4174659004442685,1.6183975950782554,0.2987370155750378,0.07004557296942604,0.08145497494936035,0.12052771777138638,0.10275458544322084,0.4655124359747269,0.39321027476033277,0.8580576181329551,0.744114918073835
46,test,,0.8034553527832031,50.0,51.84375,1.287109375,1.8291015625,2.046875,7,4,2.220703125,4.1171875,2.2216539992318474,2.2218512588772055,2.2221042112585097,2.2623870589218837,2.136726305262018,2.1678337949247135,2.202068362112457,2.573151524302719,0.460205078125,1.798828125,1.7861328125,1.556640625,0.35945315145037826,0.44355330468691045,5.50434055893928,1.518543511571599,0.27588109698361973,0.037704830419060364,0.028121582177079753,0.080666495543527,0.048582479425859026,0.4716171780313889,0.288471745099929,0.8204284435858025,0.49858418052442854,5.3851515046743295,1.4229981891389563,0.26424478269623225,0.05954243704648743,0.04063177655869537,0.11740761540934308,0.06846607800780725,0.44016636578610324,0.2585956448199823,0.7474972213561655,0.4396490616780449,6,5,1.8125,4.32421875,1.8119309017852578,1.8121397306794793,1.8123438261518863,1.8551031955198816,1.796001208960912,1.8283499335452538,1.8579745114355977,2.2547946208364342,0.58056640625,1.837890625,1.8271484375,0.5275358676668133,0.5862542881963624,1.6739901441738214,0.3041218337145203,0.04163593532163645,0.053260080404093184,0.08763618456727063,0.0795700562751304,0.4922573770375669,0.4575510940939508,0.9360905877926697,0.8615755477584262,5.3851515046743295,1.5759162982377697,0.29264103282328624,0.06438635814740845,0.0712553644532491,0.12480072818645649,0.10823873079277764,0.4630339487664301,0.40605306139059094,0.858480550310297,0.7541111103812945
47,test,,0.7964357137680054,50.46875,52.3125,1.2822265625,1.8212890625,2.046875,16,8,2.251953125,4.11328125,2.2482842767260762,2.248459240077871,2.248684503603623,2.2868165266055884,2.201957115350659,2.23207508500296,2.266488002442936,2.6273198992168325,0.45263671875,1.8212890625,1.806640625,1.548828125,0.3531894397502829,0.4224814861446501,5.50434055893928,1.5204973507993902,0.27623606034514686,0.028843760062032153,0.02106112436114178,0.07536508153546428,0.044617162901637364,0.47092951544731676,0.283074163052998,0.8171013704326509,0.4880371452838843,5.359208876696942,1.3916600382009467,0.25967639444922563,0.05693554279578539,0.03824622560979885,0.10790686213777878,0.06027869914415487,0.4371818611137961,0.25386592802984015,0.7185717466599719,0.4137475046485238,13,8,1.849609375,4.31640625,1.8519932357022184,1.852172619775912,1.852349771674401,1.8927130806713317,1.7878715821801903,1.820065619024156,1.8490711351941194,2.245689338693424,0.5712890625,1.8623046875,1.845703125,0.5355091906037186,0.5875115533922763,1.6776717174311422,0.30479068281967636,0.032663048684151264,0.040177592616577724,0.08244595730618087,0.07279413319964352,0.49235045640534647,0.44473348569337057,0.9342176224490659,0.8358369063912795,5.359208876696942,1.5363384748761757,0.2866726246772214,0.0625393111515411,0.066226175992299,0.11636659795153648,0.09340683138022948,0.4577340237481131,0.3886441195898276,0.8194809346034191,0.6872453203687195
48,test,,0.7667393088340759,47.90625,49.78125,1.2783203125,1.82421875,2.046875,13,6,2.3671875,4.11328125,2.3731436802501302,2.3732944856026075,2.3734996467548983,2.40857702032055,2.290349793450973,2.319833189454568,2.355162062723038,2.707382642465942,0.4248046875,1.888671875,1.876953125,1.693359375,0.3566082683864739,0.44524043262422713,5.50434055893928,1.5292128535961473,0.2778194476198682,0.04131592429748121,0.028003163575425802,0.07601424917232258,0.04234715965427476,0.4706296257622,0.2659677808307804,0.8169884854329634,0.4589479180837492,5.393917706368777,1.447479817054265,0.2683540787700891,0.05482069380400123,0.03509901247383411,0.09126374858093733,0.049969626136290746,0.44071283312448895,0.2457265571017183,0.737425269024973,0.40668457325701474,12,7,1.9873046875,4.31640625,1.9888988400438496,1.9890604240695915,1.9892331958185943,2.0269831692898883,1.9240563535822535,1.955218323398507,1.9855006205538719,2.3678955278240164,0.53955078125,1.9375,1.9228515625,0.522354724363591,0.5839663904783272,1.6867745648502974,0.30644444085330164,0.04592856860770134,0.048646138671066305,0.08446337353756395,0.06683498744687587,0.49234334701260263,0.3976170593055692,0.934078530078513,0.74793916403019,5.393917706368777,1.598738560165647,0.29639654277223465,0.061113446845988406,0.058995740578827054,0.09994514836465473,0.07685763065917282,0.46077743290435436,0.36352665747864515,0.8462278875510423,0.657380713136388
49,test,,0.7826212048530579,50.46875,51.84375,1.2734375,1.8330078125,2.046875,18,7,2.470703125,4.11328125,2.4731530659527454,2.4732971662396004,2.473500552767215,2.507694839371974,2.3816538262433187,2.4109850395914183,2.447006857247831,2.79367164727837,0.399658203125,1.904296875,1.9296875,1.8076171875,0.3454965182470563,0.440403621301213,5.50434055893928,1.5680855260149538,0.2848816328176346,0.0437886852152225,0.028325940174334086,0.10869991235070131,0.05826819276969879,0.4718064828982307,0.25641897950873255,0.820035227387903,0.4431144096616196,5.399799002394142,1.458280005739331,0.27006190509920175,0.058323257700576114,0.03554707531504766,0.10660451537059679,0.05484667043748193,0.46501880081674507,0.24542025777661142,0.7529127050516546,0.3949405141097515,14,7,2.109375,4.31640625,2.1111515278421997,2.1113148151124714,2.111500827995507,2.1486574063628736,2.0467070509581125,2.076884554192372,2.1081962892032875,2.477503271022247,0.5107421875,1.951171875,1.96875,0.5068286949202311,0.578982584292731,1.7290119790363674,0.3141179148569177,0.047519902736656405,0.04619977863008243,0.11916892061564432,0.08839125106301016,0.4923428074162821,0.37223318654093945,0.9342099734600025,0.7006709238034048,5.399799002394142,1.612749001331352,0.29866833943565263,0.0634673630662066,0.055812416618989176,0.11717524225743325,0.08136579215395921,0.48525588793326424,0.34880131520001856,0.8623663631994072,0.6147379279302821
50,test,,0.773338794708252,50.6875,51.625,1.26953125,1.861328125,2.046875,15,7,2.4140625,4.11328125,2.413507595246476,2.4136653296012254,2.4138809741326925,2.449599021998717,2.4243958582716614,2.452490587619596,2.4882294859775484,2.8245885875883308,0.413330078125,1.9091796875,1.908203125,1.767578125,0.3729454564567152,0.4631951801944457,5.50434055893928,1.5470580186022147,0.2810614644999986,0.04484739829340967,0.02968257241430322,0.08292881523612916,0.04530332335783107,0.4703970875878767,0.2606081607154981,0.8123891886058399,0.44744148990841404,5.386676620138143,1.4774131943593751,0.27427174462934184,0.060681871365022566,0.03821322204194846,0.10730426717038544,0.05721216637079522,0.4436270185096882,0.24438413052290764,0.774281560359678,0.42104982035226607,11,7,2.041015625,4.31640625,2.0398732201075136,2.040043834998731,2.040231819349535,2.078709009410693,1.9399980548132993,1.9711015272764314,2.0017668416416297,2.3827076768440243,0.52734375,1.9501953125,1.951171875,0.5178167182836297,0.5821100755107129,1.7060362996615823,0.309943812777156,0.048453183831320246,0.04953682468796428,0.09128749504850209,0.07034298237971566,0.492345971675042,0.38699611943894185,0.9342131377187597,0.728227300778316,5.386676620138143,1.6361444765356774,0.3037391311776421,0.06824683660689068,0.06448379143771278,0.118100068153006,0.08774638118501145,0.4654067718469639,0.36199722334488327,0.887732973130678,0.6780162917630838
51,test,,0.7783574461936951,52.09375,53.25,1.2646484375,1.837890625,2.046875,15,7,2.537109375,4.11328125,2.536565812142493,2.5367254971500555,2.536954051487907,2.572545114235444,2.5150500068376584,2.542958130119819,2.5782974976266324,2.9095785701879744,0.38330078125,1.916015625,1.986328125,2.24609375,0.3362007840583931,0.4316005342208909,5.50434055893928,1.5559104507822612,0.28266972839378507,0.058876759348064134,0.03643033252299731,0.09867064964935501,0.050972286347312365,0.4710120404502076,0.24657155249693402,0.8173752330912043,0.42552133620159854,5.3987958024895875,1.4571029775317168,0.26989407098149404,0.06986779813437494,0.04075875336457589,0.11447573311118386,0.056988249927619236,0.4360257014628717,0.22176339595368766,0.710545603269896,0.36459430453818104,11,7,2.1875,4.31640625,2.1867659061209133,2.18694086512391,2.1871518838716404,2.2254772209116047,2.156611677716041,2.1868465773958974,2.2206006695260414,2.5842834264581285,0.4931640625,1.9580078125,2.021484375,0.5005677041790141,0.5756861970765207,1.7217574925848496,0.3127999574424303,0.06531688696535554,0.059140522759455944,0.11016085788732699,0.07735693199587595,0.492347694161805,0.3520450374731841,0.934214860205528,0.6629536069610825,5.3987958024895875,1.6158714225269537,0.29930219286712323,0.07553876565521378,0.062340800549465634,0.1249119732291657,0.08292701840113348,0.4561532512251505,0.3116426195836345,0.815198285023067,0.5636060079277753
52,test,,0.7390132546424866,50.46875,51.15625,1.2607421875,1.8427734375,2.046875,13,6,2.576171875,4.11328125,2.576946553483012,2.577113610828384,2.577354610577315,2.6131436030061637,2.5838202335670917,2.611307486459592,2.6476123412069463,2.972161656708161,0.3740234375,1.91015625,2.017578125,1.9541015625,0.3318738806856551,0.4371745306872061,5.50434055893928,1.5975393144168928,0.2902326440943815,0.07171047451530299,0.04409714459929621,0.11238870367303644,0.05775913212765211,0.4703034495470657,0.2449124722110646,0.8145327176115105,0.4218351431220528,5.383805399339508,1.5191911568904746,0.2821779474192828,0.10672665610608956,0.06216001000989917,0.12454388326811383,0.06216785693679101,0.43657578353159376,0.22722560081428658,0.7639830051871082,0.38760063145200063,11,6,2.22265625,4.31640625,2.2195086983484855,2.2196851356961873,2.2199025325820885,2.258265925274711,2.151158002320961,2.181417650472993,2.2155254340284216,2.579332892330755,0.485107421875,1.94921875,2.056640625,0.4892387902015979,0.5731384635920622,1.7568973002700008,0.319183975166058,0.0800893431100489,0.07223255256543483,0.12386484794589947,0.0867161233621787,0.4923483306656573,0.3509574849575628,0.9347615179000277,0.6613068817849536,5.383805399339508,1.6754256833941268,0.31119729617264213,0.11695332218488996,0.09732406396865365,0.13506942392878596,0.09076809146005803,0.4581942734736302,0.32587150480590915,0.8765652859784367,0.6021261555821921
53,test,,0.8041163682937622,50.9375,52.53125,1.2568359375,1.8212890625,2.046875,17,6,2.5,4.1171875,2.4979816872780374,2.498150628491391,2.4983886035024945,2.534868092455345,2.4686461922559797,2.4970790503130824,2.533407614939648,2.869328553355555,0.39306640625,1.927734375,1.9619140625,1.97265625,0.3270224091157354,0.4188956007806969,5.50434055893928,1.574117788460712,0.2859775429236984,0.054081826249841924,0.03455252583523486,0.10336403496879942,0.0548399761051992,0.47072416573654774,0.253172080692018,0.817021617923749,0.436924000648369,5.4079916836428765,1.4710962187382743,0.2720226481094234,0.07898140709846935,0.04677573362700917,0.1040636797198653,0.05349744855800681,0.4339351654079522,0.22625023506695163,0.7632394294752389,0.3931259367506445,13,6,2.13671875,4.32421875,2.135838185183201,2.136016221046806,2.1362241965777615,2.174899928539585,2.124539069261659,2.154447355569952,2.186855155486527,2.5500662581138203,0.505859375,1.9677734375,2.00390625,0.49852037056548204,0.5764305054675071,1.7354126491734618,0.3152807553586195,0.060666020881032345,0.05833225703329327,0.1143838506769761,0.08412853609894923,0.49232625230259597,0.3690298802739093,0.9370030559932276,0.6967890943025601,5.4079916836428765,1.6341688286741936,0.3021766534177437,0.08676310257080999,0.07446089088851825,0.1139335131764696,0.08012692571811755,0.45808827659090756,0.32846076371319793,0.8779450942502862,0.619068627789881
54,test,,0.7738381624221802,49.3125,50.46875,1.251953125,1.82421875,2.046875,21,8,2.58203125,4.11328125,2.5835944804963438,2.5837510454275767,2.583979799060301,2.6192399813844176,2.5303727474453392,2.5586217396962088,2.5965673956577455,2.9274134639474467,0.372314453125,1.9189453125,2.017578125,2.001953125,0.3161320342029141,0.4158939363305207,5.50434055893928,1.58178922220615,0.2873712491566784,0.07292068445897826,0.04447052877225751,0.09689359724054558,0.04945122909851518,0.470445280435392,0.24326852721731126,0.81507999283658,0.419174930823459,5.441603975863196,1.4823019555038481,0.27240165989269954,0.10450756403872496,0.05969461225410168,0.11541957841982775,0.05622703230141944,0.43645984882518807,0.21617459540078462,0.739867005941993,0.36893440836849234,16,8,2.228515625,4.31640625,2.227098648967773,2.227272032942211,2.2274872455121995,2.265628358353779,2.190509735407773,2.220068078296094,2.253600786737883,2.6111630449731646,0.483642578125,1.9609375,2.05859375,0.4857140376464844,0.5716172100191708,1.7359145749970741,0.31537194263495855,0.07937709349451172,0.07001326554551703,0.1045834573313229,0.0719594019306497,0.49234810670282325,0.34481913903872125,0.9342152727465436,0.6494465031837682,5.441603975863196,1.6370082404290658,0.3008319325864556,0.11502566147775362,0.09262738707449003,0.12505488188554548,0.08100202577121629,0.45644612649350513,0.3022570700570943,0.8456629729612715,0.565083969315983
55,test,,0.7975305318832397,51.84375,53.46875,1.248046875,1.826171875,2.05078125,15,6,2.392578125,4.12890625,2.3946011215249112,2.3947820947806004,2.3950274691403806,2.432649493735195,2.406221106079066,2.4349088402435908,2.471717662707934,2.8118554646838456,0.42041015625,1.978515625,1.9287109375,1.8515625,0.3452749317811955,0.4387761933510378,5.50434055893928,1.5701418952580286,0.28525522329973796,0.04159307273163115,0.02848419602048259,0.07810136848202465,0.04388112556745022,0.4735896510416797,0.26995682566544066,0.8283480904507137,0.469332071545161,5.456366655495454,1.4900684626371405,0.2730880376479828,0.06355257753594312,0.041484255382936465,0.10017228740135131,0.05442119195354738,0.44552152634870446,0.2470041351403494,0.8059043596993725,0.43943761989186075,11,6,1.998046875,4.328125,1.9979314853619354,1.9981232275590848,1.998327701082197,2.03868632938707,1.9806347661697683,2.0114171152436913,2.04223540155366,2.41909813329862,0.53857421875,2.01953125,1.96484375,0.5174900258660807,0.5870530305371149,1.7302529832833093,0.31434337406200386,0.043017759927879595,0.047208663368229355,0.08287345859218487,0.06733027426714361,0.49235277686220247,0.4084801145604684,0.9454259195380823,0.7775118726202422,5.456366655495454,1.6478722775872545,0.3020090806998055,0.06769801948098664,0.06872948336859014,0.10696252265495865,0.08267896125512086,0.46391813473015553,0.3691478750074903,0.9239840021833352,0.7179523201134839
56,test,,0.7895660400390625,51.15625,53.25,1.244140625,1.826171875,2.046875,16,6,2.505859375,4.11328125,2.5054671794235026,2.5056374356007645,2.5058784076800373,2.542619290595277,2.4304105636312547,2.4593959367644813,2.497792767951501,2.837734190788196,0.390869140625,1.935546875,1.962890625,2.056640625,0.3261206851497251,0.42081706348557557,5.50434055893928,1.5989817567537767,0.29049469952526163,0.06742442560295547,0.04353604344853964,0.10193546184527769,0.054559740892536374,0.47114030789291217,0.25566490989199603,0.8166027841705814,0.44058797636588853,5.435601476199066,1.497510817727734,0.2755004803580437,0.09634823959027461,0.05813486850681502,0.12705277915211877,0.0652390006773337,0.46458191437595087,0.24162502133610686,0.7722367890601287,0.398384741277971,13,6,2.13671875,4.31640625,2.1397608320081614,2.1399519778568723,2.140174791764393,2.1798030319664203,2.1461917818946397,2.176192159816895,2.2090898536565917,2.5714782126969795,0.5048828125,1.9765625,2.001953125,0.49932886691222117,0.5763233216588376,1.7619310019247583,0.3200984719347186,0.07257995287909669,0.07131668746363828,0.11111382787483848,0.08308586278344739,0.4923529849036017,0.3753216203202071,0.9342201509473211,0.7064308781818125,5.435601476199066,1.6542850394316373,0.3043425914639392,0.10603461617281695,0.09322472993308586,0.1372665652789209,0.09615310699151937,0.4860071918164346,0.3464481606224067,0.8848382899018521,0.6237808027254886
57,test,,0.7771821618080139,50.46875,50.9375,1.2392578125,1.88671875,2.046875,17,7,2.515625,4.11328125,2.5157464045953715,2.515921367905318,2.516166336378099,2.5528176301032426,2.5025552356335714,2.530140869351458,2.565071207324383,2.8948953732031346,0.388671875,1.9306640625,1.9794921875,2.060546875,0.36862926147724656,0.46893940589612454,5.50434055893928,1.569626246074622,0.28516154283467854,0.05665280142689255,0.035793486090996515,0.09274995965829724,0.04875437960141049,0.4707590187464117,0.2508216720836538,0.8151261047395835,0.4318544120099848,5.34549741633969,1.5489022881333003,0.2897583082537351,0.062426917859039754,0.03874875174817809,0.10119884970329807,0.05362429995087569,0.4390164927268172,0.2422181953328636,0.7435569543239762,0.40346430423049,12,7,2.154296875,4.31640625,2.1534584329678803,2.153645512389192,2.153863534956613,2.1931437863796033,2.112135262556627,2.142295935169791,2.1748963237434995,2.5404847183394006,0.5009765625,1.970703125,2.0234375,0.49626804442399797,0.575641974457776,1.7382966483298077,0.31580470534417443,0.06272874697638287,0.059455543035811666,0.10193244601084839,0.07415011424172961,0.49235058323745307,0.36493261473100713,0.9342177492811725,0.6870311657137319,5.34549741633969,1.7040781011742139,0.3187875642714416,0.06782020784336584,0.06221882506079455,0.11046780932893263,0.08086122537570349,0.4585292958108331,0.3550516362976566,0.8525453094258966,0.6449434202930033
58,test,,0.7511704564094543,52.09375,53.0,1.2353515625,1.8798828125,2.048828125,16,7,2.521484375,4.12109375,2.5231058867527016,2.523267200661485,2.523498091228749,2.5592623200134517,2.4834247301639287,2.511617005367311,2.547631999367456,2.881482490190843,0.387939453125,1.931640625,1.9794921875,1.900390625,0.3686632601404462,0.4666280362444185,5.50434055893928,1.5819553923851606,0.2874014380916164,0.056705135597328926,0.035927071722794184,0.09061192481367986,0.04774164755104636,0.4724152517449074,0.2522994463835321,0.8246930301631155,0.43795054728575666,5.4151205565597085,1.555507863387053,0.28725267464318205,0.07426077439484224,0.046664043311501986,0.1025386919777933,0.053415688902575365,0.4495268437738069,0.24036402037997148,0.7268309909177857,0.39064850287590264,14,7,2.166015625,4.328125,2.164631730833259,2.164804160372529,2.165009730247128,2.2033402120427072,2.1550080512198675,2.184606061174747,2.216843431406241,2.5765495414923243,0.499755859375,1.9736328125,2.025390625,0.500456132822975,0.5809174401532968,1.750515295368385,0.3180245256673798,0.06139158174463599,0.05817397709223628,0.10033339801845287,0.07297325065148581,0.49234884707443527,0.3648619891140001,0.9398680054315287,0.6910561070992677,5.4151205565597085,1.71972104874826,0.3175776108373143,0.07987454905868319,0.074844894589181,0.11210884819636391,0.08033910882838882,0.4700576765362756,0.3492246469973552,0.8401638927309971,0.6286829751163259
59,test,,0.826205313205719,50.0,51.625,1.2314453125,1.8544921875,2.05078125,17,6,2.52734375,4.12890625,2.523554764237541,2.5237274569107093,2.5239727157646485,2.5606551754314486,2.5475307227609663,2.574939067909932,2.6125269672650373,2.9364596351185086,0.387939453125,1.9599609375,1.9990234375,1.8984375,0.3480477699414179,0.434396875218428,5.50434055893928,1.5930965305732503,0.28942550220407326,0.04311335607891298,0.027422909283529865,0.10666178344416544,0.05638142135103989,0.47222027730829197,0.25302944943356254,0.8224843905806889,0.43821410555280105,5.440379020424997,1.4809096049254085,0.27220706486911667,0.0685403871519572,0.04132732358860364,0.11953158510716566,0.06036764139420602,0.45368526179693003,0.23295819657572173,0.7504193968700381,0.38496077301940335,13,6,2.169921875,4.328125,2.169984148125667,2.170169178074947,2.1703874442824187,2.2096285868573404,2.1504711143029676,2.180490461046592,2.213604965408603,2.576064845645982,0.498779296875,2.00390625,2.048828125,0.5103595007481205,0.5829199146765957,1.7601475165659521,0.31977445757919154,0.046057516058604975,0.0438261306876075,0.11754837651352279,0.08576802919664755,0.49235272461046353,0.36605683932192745,0.94571456384773,0.6976087359846991,5.440379020424997,1.638094559108405,0.3010993449093256,0.07384715448306167,0.06455653798402654,0.1287693981531568,0.08786729199310324,0.47265394586367737,0.3298495761475161,0.8605497008892513,0.5997776064907968
60,test,,0.7872991561889648,51.375,52.53125,1.2265625,1.86328125,2.05078125,17,6,2.54296875,4.125,2.5404194293984133,2.540603153750734,2.5408631639234853,2.578047655052448,2.561962779542107,2.5897559174385836,2.628678096407917,2.954203289339771,0.38330078125,1.92578125,1.986328125,2.01953125,0.34933313174831265,0.44762709075055573,5.50434055893928,1.5966782841414,0.29007621658662225,0.04650567389544502,0.029295286981251736,0.11571886774429085,0.060677808575838585,0.4714449547139852,0.25055803310055486,0.8197338664559082,0.4332140112909855,5.365361492111281,1.5393385566878268,0.2869030463187102,0.07210395022144755,0.04382738380813495,0.11766821313564257,0.06107673360351438,0.44516454156116847,0.23609990413510443,0.7515368225775969,0.39546405256076034,14,6,2.193359375,4.3359375,2.192879102134917,2.1930679084757703,2.1932956874023657,2.2327021677971453,2.1409640801852565,2.171238125621728,2.2048643177514236,2.5694355196429144,0.493896484375,1.9677734375,2.041015625,0.4985443897606097,0.5802916707971865,1.766958212174012,0.3210117893785474,0.05170411498824112,0.04852277725757456,0.1282171793365956,0.09256303672226596,0.4923526457687295,0.3621128228194298,0.9436536926286365,0.6886469577536313,5.365361492111281,1.6971585310087849,0.31631764858791456,0.07877903170655465,0.06948147486417894,0.12807754361474988,0.09050158148427413,0.4641070576980191,0.3377465622180898,0.8607029166338789,0.6196439726118214
61,test,,0.7975507974624634,51.625,53.46875,1.22265625,1.83984375,2.048828125,16,6,2.564453125,4.12109375,2.5615033488023484,2.561678161972694,2.561929134037831,2.5986516539255406,2.4984980428925962,2.526628394254293,2.5610978669116187,2.895318341909548,0.3779296875,1.94140625,2.00390625,2.01953125,0.3377914667295149,0.4318457486462579,5.50434055893928,1.6014075915337829,0.2909354125868956,0.052268328013090226,0.03268211944521514,0.11088757468328136,0.05778650385013387,0.47212093101791996,0.24935160975621581,0.8241522567644832,0.43284647198304393,5.372827005965284,1.4939154308483977,0.27805016412956335,0.06713701930263927,0.03976554381905309,0.1269454312791689,0.06362100640890464,0.4387704580899081,0.22743608986143174,0.7428098309263937,0.3788821311857164,12,6,2.228515625,4.33203125,2.230521759075862,2.2307049732381,2.2309311355992474,2.2698374624074367,2.2081595290535283,2.2377966184592615,2.271293252253624,2.6283510889942607,0.48583984375,1.986328125,2.064453125,0.5001382334981291,0.5789267715148964,1.7771253874262545,0.3228589089641498,0.058672023221990166,0.05357295788332364,0.12196153219414274,0.0862038527217095,0.492352509317584,0.3543933963184599,0.9412122115255688,0.6723342508873636,5.372827005965284,1.6645123913754323,0.30980197008527827,0.07312219946387533,0.06148063823607994,0.1400218402032225,0.09357433197723493,0.4613911122202152,0.3225973810924196,0.8560892644552078,0.5857346288080973
62,test,,0.813433051109314,52.78125,54.625,1.21875,1.8447265625,2.05078125,17,7,2.53515625,4.12890625,2.5379726393894555,2.5381496117571896,2.5384024961758422,2.5753090183587064,2.590192579370806,2.617887054867341,2.658049204115869,2.980498653352931,0.385986328125,1.939453125,1.9833984375,2.01953125,0.34676934081466054,0.4466940330894845,5.50434055893928,1.5902004515574788,0.28889935761240765,0.05120349008994918,0.03215132909311421,0.09545673903700092,0.049919809128859474,0.47243605492245955,0.25040626153416284,0.8232153650706886,0.43388485559243606,5.415980630088871,1.5145986642762432,0.2796536338888993,0.0696829417907443,0.04236360959879299,0.09170102452488926,0.04697580462166234,0.4304208771083555,0.22674284133809297,0.7821419362809552,0.4057727487878909,12,7,2.1796875,4.328125,2.174978238688143,2.1751725547111485,2.175404082132756,2.215312979825869,2.183045801329301,2.2127402780084586,2.2458144172250982,2.6043940006413497,0.496826171875,1.978515625,2.021484375,0.5046441136308255,0.5804844953166446,1.7493586025479102,0.31781438372429166,0.055515169527576624,0.05196063383692189,0.10497117033213499,0.07562589340963613,0.4923531566833832,0.361357182066671,0.9452267779588235,0.6883659491388239,5.415980630088871,1.6723358282604166,0.3087780297753715,0.07442912036295013,0.06598922494039634,0.10080635962729456,0.07024288654725405,0.448357333380919,0.324590525075478,0.8967940908067149,0.6357714275782481
63,test,,0.8256726861000061,51.375,53.0,1.21484375,1.8427734375,2.05078125,16,7,2.51953125,4.12890625,2.5194900754669214,2.519663699596135,2.519910076349408,2.556770579291235,2.481246599120443,2.5090615777958596,2.5443511186757917,2.876064189922506,0.389892578125,1.9453125,1.9619140625,1.8857421875,0.3482042477560051,0.4415521737483585,5.50434055893928,1.5745634057232523,0.2860585003531613,0.05734673024243886,0.036136882169776355,0.08393444124839711,0.04402414623811158,0.47257383578499734,0.251231225004082,0.8239458329673157,0.43556619960074705,5.431974773012879,1.5036073818867015,0.27680676820461675,0.05600583303488449,0.03336641008538787,0.1052792591119287,0.053629069441354336,0.45222937139009023,0.23339565464370637,0.7811683840528794,0.4011235738489002,14,7,2.169921875,4.33203125,2.1689323613274474,2.1691172256160764,2.1693361483819493,2.208674905669929,2.1288788748152836,2.158969961258324,2.191815564093311,2.5558839650446727,0.4990234375,1.984375,2.001953125,0.5084306719899698,0.5824226664770769,1.738358502986285,0.31581594277685415,0.06329381546555535,0.05918270974177694,0.09186308250259145,0.06613191331781436,0.4923526717808082,0.3610769213927758,0.9452019821422892,0.6878188276623087,5.431974773012879,1.6610284166189415,0.3057872111025364,0.06133368392972027,0.052441485433963896,0.11404988119187731,0.07843032480350294,0.4714572442994971,0.3299982322249023,0.8957153025394087,0.6226695369849075
64,test,,0.7462145090103149,50.6875,52.3125,1.2099609375,1.8359375,2.05078125,16,6,2.55078125,4.12890625,2.550524821019723,2.5507013096895226,2.5509527798276745,2.587647899455228,2.5007797301743024,2.5288905048899673,2.5655636903330223,2.8972691620328477,0.38232421875,1.9609375,1.998046875,2.04296875,0.3506220454501719,0.4479553886849131,5.50434055893928,1.5815462544249552,0.28732710803230693,0.0559401223354028,0.03489175044180731,0.10722115205235738,0.05576094971519617,0.4727902262890913,0.24918479857527773,0.8260625743348102,0.43295081749521186,5.383049914892323,1.5458628362596878,0.28717230207786576,0.07037024427107319,0.042941241758251474,0.11840573319298198,0.06158399615827761,0.43333701351857634,0.22883196308301615,0.7716740467532546,0.40375186017882403,12,6,2.203125,4.328125,2.2045094248757846,2.204696470868884,2.204920380144709,2.2441051986954363,2.194083912586298,2.223749219251997,2.2569873448900557,2.6148476073301343,0.4912109375,2.00390625,2.044921875,0.5069991709183463,0.5816847626484145,1.7580785757138666,0.31939858315246744,0.06054012997571778,0.05559689246486232,0.11931988045046715,0.08471198430473813,0.49235201447137733,0.35599917209929816,0.9455687098890353,0.6784840260537123,5.383049914892323,1.7134683877388128,0.3183080994657816,0.07799666721241483,0.06978409128026831,0.13278981631418496,0.09474163390063113,0.4517137464908796,0.3290879365502321,0.8879057184116697,0.6386935678897927
65,test,,0.8012897372245789,51.625,52.53125,1.2060546875,1.83984375,2.05078125,19,7,2.591796875,4.125,2.5922642003783833,2.592438343762606,2.592690384544727,2.6288408734574724,2.5002525876242863,2.5284257683521556,2.565803814154199,2.8978736772337075,0.3720703125,1.9619140625,2.017578125,2.119140625,0.3449391668458282,0.4496266660799925,5.50434055893928,1.5845651895651098,0.2878755724864643,0.05625083200368586,0.034124739134041446,0.1027303020722119,0.05220002459307537,0.4723289152383199,0.24315666147319098,0.8232545953424157,0.42150683474404915,5.414778035445369,1.5599251291662362,0.28808662496503074,0.07663960094402533,0.0449556574681666,0.10903902756601891,0.05557093248954064,0.43706399520517625,0.2276360406446681,0.7851232611473673,0.4047259963318337,14,7,2.26171875,4.3359375,2.264315961894331,2.26449369825286,2.2647148177857948,2.3030707289573136,2.239825431921089,2.269188859137721,2.303090139160511,2.656692219893045,0.47802734375,2.009765625,2.078125,0.4995507230202516,0.578852870197082,1.7555187708591249,0.31893353110357403,0.06254248871298618,0.05434437315903592,0.11712108623264861,0.07964826559933033,0.4923503027455203,0.3407370814620681,0.9448281046321023,0.6491025980488714,5.414778035445369,1.723765771979104,0.318344678340508,0.08309348812108208,0.06893765450357354,0.11958293344949311,0.08175381981506512,0.455213179703863,0.320442795709953,0.8991160023517617,0.6241903658923877
66,test,,0.8324512839317322,51.375,53.25,1.2021484375,1.814453125,2.05078125,16,6,2.564453125,4.12890625,2.5619037229467048,2.562078461157433,2.562328276853452,2.5988648779691155,2.5307106141683855,2.558732078521217,2.595127258193187,2.9254188680574504,0.378662109375,1.97265625,2.0078125,1.912109375,0.33817803654775147,0.4306941855085931,5.50434055893928,1.5803844298585714,0.2871160337802792,0.06253857641839744,0.038392375797847135,0.08073567505065249,0.041433590848104995,0.47270117107143417,0.24581036580836801,0.8230316442990011,0.42563265774484554,5.407293980870966,1.5053281789789525,0.2783884479564556,0.06722064742529099,0.038857239503950994,0.0804490355127836,0.0404455481429892,0.45267711940870825,0.23011203858791687,0.7719076561892884,0.38691138135732117,15,7,2.220703125,4.328125,2.221488286879168,2.221675089343004,2.2219018557553545,2.2610289597753965,2.1398734600419975,2.170114742030911,2.203419123523257,2.5677451008119383,0.487060546875,2.015625,2.052734375,0.5093364408000982,0.5820674635356059,1.7444989037924135,0.3169314988984964,0.0680914034822857,0.0608755344478687,0.08987958110203298,0.06249628908880871,0.492351888164154,0.3485338738046395,0.945573899591964,0.6643663499448328,5.407293980870966,1.6624247418804172,0.30744116146846645,0.07234985550051842,0.059191180099738866,0.08762603651630396,0.059149253284741986,0.4713040566303528,0.32290482937679427,0.8857251155928143,0.5954763210486383
67,test,,0.7926566004753113,50.9375,53.0,1.1982421875,1.8515625,2.05078125,19,8,2.58203125,4.12890625,2.57870024207212,2.578873480178327,2.5791217184726682,2.615119316207781,2.5321994483516175,2.5604163514607277,2.5993056424659597,2.9286590831296038,0.37451171875,1.9638671875,2.013671875,1.9599609375,0.35284525370045156,0.44905875889038355,5.50434055893928,1.6068055252868167,0.2919160811511376,0.06304195769604792,0.038997562316654306,0.10521129086431902,0.05433947156538935,0.47286105544005874,0.2474856163892184,0.8251668934365126,0.4294846445216465,5.373156413075629,1.5300576935925787,0.28475956699662947,0.0690732371209899,0.040736555836729804,0.10763509590708065,0.055434043125811905,0.43331497581034384,0.2240419078041153,0.7659599306466172,0.39663464759520545,15,8,2.23828125,4.328125,2.238717782865151,2.2388968403602316,2.2391166289117628,2.277432303501971,2.1713503100875644,2.201311470444819,2.2349113035433303,2.5957902423307346,0.48291015625,2.0078125,2.060546875,0.5013878248005096,0.5796986569876905,1.7730758228705907,0.32212320511147174,0.06840183094038732,0.06194407385350772,0.11535351142476102,0.0810137736050315,0.4923491836064473,0.35209227809564964,0.9457110228437076,0.671199072502083,5.373156413075629,1.6993004688424667,0.31625739848317136,0.07583694608687885,0.06386956299792619,0.1165662759097561,0.08131910527935898,0.4517180389237634,0.31680677955159703,0.8803719233702125,0.6187103781845956
68,test,,0.8012598156929016,49.78125,50.6875,1.193359375,1.8056640625,2.05078125,15,6,2.58203125,4.12890625,2.584626636700771,2.5848066752992347,2.585067671785532,2.6218055953156347,2.5741458885131614,2.601668090191366,2.6384722808304617,2.9631896008102387,0.374267578125,1.9697265625,2.025390625,1.98046875,0.3064675317001871,0.4037034615461892,5.50434055893928,1.6077698771377742,0.29209127958601483,0.07638109914130897,0.047315670839971444,0.12144700017775456,0.06279863518798857,0.47243514164209,0.24755718780900082,0.8245261989265158,0.42965945402640343,5.396775614217822,1.4872493056292244,0.27558108988468255,0.08711472407511334,0.05079081450808128,0.12706692827756783,0.06323200580369102,0.46901422088081546,0.23577493389042992,0.759503923232562,0.3803804339573143,11,6,2.23046875,4.328125,2.2263073039802355,2.2264983862634207,2.22673656316297,2.266242885018893,2.2396906406258688,2.2694037346658806,2.303941301050116,2.6593120264101864,0.48486328125,2.017578125,2.0703125,0.49508001468874135,0.5780373447900864,1.7806555806861835,0.32350025613773553,0.08144925206033804,0.074699801594597,0.13288389114114185,0.09424535012997882,0.4923531184834866,0.3556290101650047,0.9455866986318782,0.6777953137041502,5.396775614217822,1.64626551426263,0.3050461297530211,0.0922678431692141,0.07619409386227405,0.13631634911798596,0.09055602993624393,0.48733402916547774,0.32816236077012495,0.8666791294217226,0.5806936336188844
69,test,,0.7754923701286316,49.53125,51.15625,1.189453125,1.814453125,2.05078125,15,6,2.623046875,4.12890625,2.6233055987852554,2.6234800161523752,2.623732835934096,2.6596683344606067,2.5828422786309586,2.6101632671141153,2.64709050999365,2.969982915949872,0.364501953125,1.96484375,2.037109375,2.154296875,0.3230435882330061,0.42508320659073184,5.50434055893928,1.6224196802380355,0.2947527797136676,0.07592458304548444,0.046278907879965185,0.12575372273436702,0.06415315392535226,0.47203017040356077,0.24398277087850265,0.8237453851152656,0.42344955326042877,5.391686756145544,1.543168471600128,0.2862125604461713,0.07247062252508218,0.04242833355758529,0.12966385071324815,0.0648112763137197,0.4444575982371317,0.2270376607062182,0.7662348041489935,0.38645050823816174,13,6,2.28515625,4.328125,2.28418077413565,2.2843692226427357,2.284605105981191,2.3232022402556165,2.2558585146603227,2.2853554708222754,2.3198446334898675,2.673266625373367,0.47216796875,2.009765625,2.080078125,0.4939762561971931,0.5775549264628522,1.7910962394105083,0.3253970607799136,0.08207412992946406,0.07207538172772653,0.13863296561516059,0.09506150861196033,0.49235045813625167,0.3436214577071718,0.9455671535539105,0.6550686315965991,5.391686756145544,1.7021984987525873,0.3157079733559057,0.08000377079298904,0.06618924075443508,0.1430459154028636,0.09528273466181014,0.4637021841106641,0.31797830481961464,0.8808351882882306,0.5937970264841882
70,test,,0.7776347994804382,50.21875,51.625,1.185546875,1.8544921875,2.05078125,20,7,2.61328125,4.12890625,2.610382953771192,2.6105564481448464,2.6108068193110796,2.6465788606073963,2.5562256103188705,2.5838133352242445,2.620194126507434,2.946538409745653,0.366943359375,1.994140625,2.029296875,2.013671875,0.3443082626691351,0.44449176526363904,5.50434055893928,1.6060278762745073,0.2917748019181427,0.07391178638450935,0.044981675203201496,0.11063574410890276,0.05636694100703366,0.4726611952990849,0.24398532954895957,0.8249275956097035,0.4234986446602547,5.349894949762334,1.550016466131647,0.2897283929286323,0.07764542983556222,0.04512518588258449,0.11010108462295864,0.05536567898989864,0.4375787269717071,0.22523147002044586,0.7145935536072603,0.3684079058389491,16,7,2.279296875,4.328125,2.278974383614122,2.279161133021146,2.2793932103548946,2.317810556979613,2.2357551630793715,2.2654951669319265,2.3000124225856347,2.6558777118222054,0.473388671875,2.041015625,2.076171875,0.4936162717050434,0.5781077943218863,1.7784361433994587,0.32309704030053227,0.07954393448837838,0.06982847790910031,0.12443078472100044,0.08529918316484146,0.49235005733207426,0.3435236610263578,0.9457118965693381,0.6549843442014674,5.349894949762334,1.707495879615347,0.3191643753100613,0.08264699082010996,0.0676059411785664,0.11984728977299319,0.08041121157696624,0.4560589696101234,0.31569639903219326,0.8266433292667239,0.5734616558542524
71,test,,0.8064362406730652,51.15625,52.09375,1.181640625,1.8681640625,2.05078125,16,7,2.64453125,4.12890625,2.6443265251255075,2.6444948870300995,2.6447426551504014,2.680052404984459,2.6081662845608364,2.635541653276108,2.671911144494164,2.994356597457172,0.359375,1.9794921875,2.041015625,2.025390625,0.3409715351629906,0.443635768410723,5.50434055893928,1.604730818512488,0.2915391592016119,0.07913243935156533,0.04723362636006202,0.11923550386922876,0.05976821624631107,0.47119422297517755,0.23925290952033676,0.8190535846109821,0.41364784614001876,5.415335730212363,1.543767330074926,0.28507324512904886,0.07762414278752772,0.044035397470647886,0.12790688439434295,0.062415911835168245,0.44874266452467015,0.227035916243193,0.7540373212968898,0.3758103785983108,14,8,2.306640625,4.328125,2.308633587285311,2.308810081118693,2.309034481704415,2.34670766355383,2.3294486494216287,2.357912552110107,2.3915867880905863,2.734951493561173,0.467041015625,2.021484375,2.08203125,0.4898938532424472,0.576541709100474,1.773334004121783,0.3221701101400447,0.08542556650575683,0.07284788739870353,0.13055785983753498,0.0874888118277991,0.4923485629778561,0.3356713476353422,0.9457104022151182,0.6401213054195013,5.415335730212363,1.7077541842206352,0.3153551818944502,0.08284620830900646,0.06539580415035962,0.13735749894221705,0.08842701336212888,0.4676071694824451,0.31582149670532766,0.86834170067619,0.5748669622019337
72,test,,0.7584901452064514,52.53125,52.78125,1.177734375,1.8798828125,2.05078125,23,7,2.71484375,4.12890625,2.7126581134993217,2.7128100496534167,2.713037525856153,2.746617311001278,2.6736021215169967,2.700173307591666,2.7368418799292344,3.0502861045254157,0.342529296875,2.017578125,2.111328125,2.138671875,0.34946864660918886,0.46015301848569423,5.50434055893928,1.6124099310066438,0.292934260469771,0.07714153347598351,0.0442825719471024,0.11699070552065294,0.05674606744037885,0.4715532724958189,0.23159336388040846,0.8215400828048152,0.4013855068790978,5.367490850257608,1.5577210417499554,0.2902140097127867,0.059750074852154,0.03336975300598656,0.12276745938012557,0.05932884640256748,0.42136720368120084,0.20758035576424266,0.7674695320009324,0.3760706554058851,18,7,2.39453125,4.328125,2.3958483472808774,2.3960120155379747,2.3962267047662618,2.4324778160885696,2.3470977167479385,2.375696127761189,2.409836094029332,2.7531467373671386,0.44677734375,2.064453125,2.162109375,0.4876520167194539,0.5756155414475558,1.78851308770053,0.32492776719563793,0.08416855274151569,0.0674194269598891,0.12991682609570177,0.08285217893616771,0.4923211025899281,0.3191644598045513,0.9455608847539505,0.608795850841613,5.367490850257608,1.718770911840465,0.3202186943193343,0.06470703080450413,0.049320982947086936,0.1342205927259732,0.08437924931138133,0.4393395770691937,0.28320492106674994,0.8769353897136316,0.5613561237094786
73,test,,0.7859024405479431,53.9375,55.09375,1.173828125,1.826171875,2.05078125,18,7,2.615234375,4.12890625,2.611950536040107,2.6121117190130447,2.6123488590867194,2.64749492618512,2.5677809034615597,2.5953001697382714,2.631066730522681,2.9567940176280305,0.366455078125,2.03125,2.052734375,2.03125,0.3280016995584312,0.4281459974108959,5.50434055893928,1.6414351665325735,0.29820741448615745,0.0655480469022569,0.040676257107616354,0.13667015248954062,0.07077390684975104,0.47228373909177446,0.24784562520123332,0.8245638509064781,0.43031406948398704,5.41988143819926,1.5852546236600529,0.2924888010440961,0.068408187921559,0.041174569523785724,0.16611134332760535,0.08345444824501981,0.463883258670009,0.24209052973245937,0.738282082752626,0.38451096647532684,15,7,2.267578125,4.328125,2.265737434596788,2.2659186341982114,2.2661439472106926,2.304335677206653,2.2426827709485493,2.2720282584753786,2.305978735656288,2.6592088603499104,0.476318359375,2.08203125,2.099609375,0.49390476464683325,0.5783858331044018,1.8185919686952574,0.33039234204754786,0.07075324741045641,0.06485469993067933,0.15037571861614563,0.10660604090254881,0.4923492063696129,0.3554735787794487,0.9457110456068785,0.677595769451007,5.41988143819926,1.7484067545321578,0.3225913286975999,0.07301700455921001,0.06350330536316644,0.17910657622003878,0.12111295891466284,0.48369858098506935,0.3443786660309442,0.8498036380156337,0.6033596165786304
74,test,,0.8204311728477478,49.0625,51.15625,1.169921875,1.7958984375,2.05078125,22,7,2.693359375,4.12890625,2.6936133674570044,2.693781763621362,2.6940324648772767,2.7290727908336505,2.6546774319026025,2.6818951517978844,2.7208315984604305,3.037803582327443,0.347900390625,2.0234375,2.09765625,2.251953125,0.30152767907661915,0.40533188998216807,5.50434055893928,1.6326037061291858,0.29660296063581476,0.07500952354237977,0.044036599855137776,0.1275884092237387,0.06306988099166115,0.4726419886222679,0.23662342145812076,0.8257375672412381,0.4112078119374484,5.385045136248044,1.5243749967465914,0.28307562112815987,0.07667636603912165,0.04260323801677051,0.13836897324624609,0.06594273375940019,0.4320730849186267,0.21197202608047838,0.7279284937907935,0.35607986142948994,16,7,2.3671875,4.328125,2.3680645126976247,2.368249350152218,2.368487048477204,2.4063136375558125,2.342443137373494,2.371450157653514,2.4063154658012937,2.7523194960260216,0.453369140625,2.072265625,2.14453125,0.487279093072618,0.5754297687030527,1.8028935110348088,0.3275403278067223,0.08238211721112254,0.06841945439162744,0.14076910841464496,0.09238646793071296,0.4923499676825873,0.32863292045404646,0.9457118069198529,0.6267928682302571,5.385045136248044,1.6878453755637102,0.3134319829934969,0.08342592931405246,0.06345013991524422,0.15184255537404923,0.09411521089654963,0.45007004679994456,0.2897319697772385,0.8391321397660256,0.5381341976007974
75,test,,0.764043927192688,50.46875,50.9375,1.166015625,1.8515625,2.05078125,19,8,2.6875,4.12890625,2.6840612722585897,2.6842299747944693,2.6844782453787963,2.7196157393556466,2.682842830991984,2.7094173606471688,2.746716855023902,3.0595452995364303,0.34912109375,2.025390625,2.107421875,2.13671875,0.3302473404158308,0.44095048689854605,5.50434055893928,1.649838198450877,0.299734033674837,0.0834501356232007,0.04980179039220394,0.14385165406957334,0.07209636433513102,0.4727504934658091,0.24000604743441442,0.8248042738536041,0.41648813923715805,5.376774994088359,1.592973507417387,0.2962693267188649,0.07979778086361655,0.04696106038462518,0.13881847516961265,0.06952097070681224,0.46072822472314634,0.23127731624148862,0.7158854316681547,0.3610174754890923,13,8,2.3515625,4.328125,2.34999922732531,2.3501809292714197,2.3504155314669912,2.3883806102542113,2.3306111303329025,2.3596507445081483,2.3944249300024456,2.7411502547852793,0.45703125,2.076171875,2.154296875,0.4878987128596214,0.5759456922005172,1.8214022952976228,0.3309029075861938,0.08990751667195873,0.07644838368936839,0.15755992587001177,0.10534340564534898,0.49234950456926896,0.33489596515988107,0.945711343806531,0.6386527027263357,5.376774994088359,1.7497334069809014,0.32542433129611953,0.08578259698331614,0.07114227876507558,0.15158530819357985,0.10083222280415355,0.47977020656697267,0.3201322830304292,0.8222787208713358,0.5520406906892337
76,test,,0.8026968836784363,52.09375,53.0,1.162109375,1.8310546875,2.05078125,16,7,2.5,4.12890625,2.4982799187183824,2.4984624745929294,2.4987168409811527,2.535699426959983,2.501646417087854,2.5295986895348483,2.5669238220889903,2.897083504927171,0.39453125,2.015625,1.9912109375,2.05859375,0.34404824241105425,0.4433726061996421,5.50434055893928,1.6096859552141605,0.2924393826977081,0.054861451349693446,0.0357336495436198,0.1074198361026415,0.057911011073791416,0.4718511813515116,0.2579282483724134,0.8202997560162686,0.44580926842821256,5.450109787272653,1.5531015754708304,0.28496702563638343,0.07618767999996745,0.04776413609784105,0.11568289591773961,0.061457338688253337,0.4424219719626734,0.23840422168787612,0.7859880206361654,0.42006867727657293,11,7,2.125,4.328125,2.1267290624731263,2.1269244338270097,2.1271482931059023,2.166914764965424,2.1272825799349055,2.157351879527223,2.1899925042364097,2.55390174947823,0.5087890625,2.06640625,2.0390625,0.5059187731360343,0.5828387029291949,1.7757867618501018,0.32261571442307463,0.05878126753469903,0.059322016743849786,0.11563720472625505,0.08823843058310049,0.4923553225526174,0.3831594222368605,0.945717161789883,0.7299324470015928,5.450109787272653,1.7134895372864083,0.31439541663689563,0.08097226146632686,0.07646556491911266,0.12407650697978134,0.09216900468857717,0.461166198043907,0.3494681825650811,0.9044109691469409,0.6774852819404485
77,test,,0.8335729837417603,49.0625,50.6875,1.158203125,1.849609375,2.05078125,16,7,2.578125,4.12890625,2.5761689705580264,2.576354558997628,2.5766182295082185,2.6133476163530105,2.635449746461978,2.662149216658652,2.6993780085939063,3.014667277676974,0.37548828125,2.0078125,2.037109375,2.146484375,0.33803165302325167,0.4337602241086711,5.50434055893928,1.6369662739302697,0.29739552929219976,0.0589440421899976,0.03731989764006121,0.13002109068181245,0.0684663654016954,0.47240911398785634,0.2521496151200003,0.8232300299548836,0.43692111454025184,5.324593759151671,1.5683644465586744,0.29455100567306947,0.07657574708862569,0.046881173990432824,0.14392355247513677,0.07497677836560233,0.4335992992145332,0.23361356571645817,0.7410035444711953,0.39237021136528066,12,7,2.21875,4.328125,2.2196069500664253,2.2198036651812934,2.220040049072831,2.2594121493853687,2.174405603337339,2.20398195919766,2.2371274629699536,2.5954703671664516,0.4873046875,2.056640625,2.08203125,0.4934937543218234,0.5794182322334722,1.8094483422001373,0.32873117548323155,0.06364454762012439,0.06066827551219177,0.1423734168351345,0.10402227442602256,0.49235411506719284,0.3665636501079882,0.9457159543044584,0.6985660675281944,5.324593759151671,1.7303614568573251,0.32497530048809037,0.0816551686624063,0.07331397266942596,0.15344742994617633,0.10960938917863289,0.45252318939046443,0.3386061188815262,0.8537021707488357,0.6236376075100439
78,test,,0.8489875197410583,50.9375,52.3125,1.154296875,1.8310546875,2.05078125,20,7,2.58984375,4.12890625,2.5896093042486057,2.589788739495662,2.5900462436752267,2.626364576106493,2.5474001943985343,2.5750112927659154,2.61151105850255,2.9381873593131043,0.372802734375,2.015625,2.037109375,2.0859375,0.3261214878488995,0.42316209804695565,5.50434055893928,1.6406707835423862,0.2980685453551503,0.058545787479229006,0.03697373603467161,0.13111248625487715,0.06889537969909865,0.47337491925486397,0.25212471371135303,0.8290156947984135,0.4390560400425622,5.40199255236603,1.5791043662193767,0.2923188714000987,0.07827425026334645,0.04753501254712093,0.1574534516746473,0.08107432152439512,0.45611571020011255,0.2383791683511189,0.7774399702512609,0.40325825913985447,16,7,2.232421875,4.328125,2.2300170304230584,2.2302146009629276,2.2304527322813317,2.269786992963688,2.222941388698558,2.2523373462232144,2.2858480848822675,2.6404844236929397,0.484619140625,2.060546875,2.078125,0.49415272809059263,0.5787664178570635,1.8135471417261306,0.329475824089564,0.06210499555545912,0.058822548857709114,0.14253053266356552,0.10362643249542963,0.4923534725997367,0.3647318170745237,0.9457153118370005,0.6951028295358178,5.40199255236603,1.7458917226635076,0.3231940262299734,0.08253547850494769,0.07343123468299106,0.168875196349485,0.11897597303196732,0.47560319091172154,0.34198211672809925,0.891958461137186,0.6347478188797724
79,test,,0.8999804854393005,50.6875,52.3125,1.150390625,1.84765625,2.05078125,18,7,2.564453125,4.12890625,2.5612634407459693,2.5614447321306257,2.561701337623556,2.598268078435619,2.5691705535951646,2.5963175705630985,2.6319380385171813,2.9550397936953274,0.37890625,2.025390625,2.03515625,2.037109375,0.33581440838690474,0.4287872506421313,5.50434055893928,1.6262234153325656,0.29544382254682816,0.06200710245293184,0.03942191630941934,0.11759034142991265,0.06213383001383513,0.4722737298310111,0.2529572676880567,0.8242478130016346,0.43897966885549794,5.37293973289732,1.5479082712674481,0.2880933619615996,0.0678263346925636,0.04090575270148711,0.11925403947333901,0.06196402981002684,0.42256269886441356,0.2308586828651206,0.7107518879368167,0.3791023678626894,12,7,2.197265625,4.328125,2.196417708423217,2.1966148015250813,2.1968490553702114,2.236368405332562,2.1945355823596135,2.224200499962421,2.2574496699179587,2.6152905318803943,0.492431640625,2.07421875,2.078125,0.4976656810250638,0.5799976694855679,1.7998947058501398,0.32699552045831093,0.06484198825866194,0.06252665300818035,0.12712778522310852,0.09370689605952556,0.49235350707766035,0.3698756494876245,0.9457153463149242,0.7048281807921483,5.37293973289732,1.7076126334040458,0.31781719473767994,0.07247876935064745,0.06352374144956965,0.1280290705266145,0.09096670792372454,0.4401492207549964,0.3351584275829101,0.8159993230651885,0.6010203116313524
80,test,,0.8260821104049683,54.625,54.625,1.146484375,1.8310546875,2.05078125,18,7,2.55859375,4.12890625,2.558087005536671,2.5582686424224486,2.55852704363334,2.595207024587881,2.5104058108023604,2.5385355667327962,2.575332790572935,2.9071943959806377,0.38037109375,2.021484375,2.02734375,2.0703125,0.3375841209919552,0.4470461069178705,5.50434055893928,1.635910194199186,0.2972036662125492,0.0625533404767209,0.04018833189346418,0.1378759889700536,0.07348961354863193,0.47313477472506005,0.2556648008095654,0.8257361416552635,0.4436482685896015,5.386416298221389,1.6625887975377927,0.3086632568832054,0.07445000096060461,0.04840680633535171,0.1693608897203145,0.09407359124335327,0.45007225924009564,0.2484683619961124,0.7814288337892368,0.4332994410690335,14,7,2.19140625,4.328125,2.193941007190883,2.1941368587075543,2.194370891455985,2.233963135034768,2.158026399199622,2.188037403350964,2.221655436667615,2.583446846675896,0.493896484375,2.068359375,2.0703125,0.49537998796274724,0.5797779496778538,1.8103940376730345,0.3289029845242549,0.06586120803286022,0.06445137801976959,0.15141781537439503,0.11287217091050256,0.49235427986502156,0.37413576886217714,0.9457161191022854,0.7128805803705587,5.386416298221389,1.8279682652552784,0.3393663177981396,0.07929675942423753,0.0792147258721262,0.1854075110784903,0.1467608488607031,0.46861613923220613,0.3677099264000088,0.8914481590236676,0.7038842923484451
81,test,,0.8400446772575378,53.25,54.625,1.142578125,1.86328125,2.05078125,19,7,2.6171875,4.12890625,2.6225568218180357,2.622735265682361,2.622995860468801,2.659082489302969,2.6145112458573916,2.641898926174389,2.6793438218627084,3.000911511361524,0.365966796875,2.0234375,2.064453125,2.068359375,0.34027759465841434,0.4464218654053112,5.50434055893928,1.629256477244724,0.29599485347954047,0.07775118097274447,0.047692470318848074,0.13744671150277732,0.07048964904529702,0.4721115332298442,0.24533421694493435,0.8229210953736246,0.42528322562765547,5.427031878065227,1.562530207908325,0.2879161654133083,0.07878324272078085,0.04722743907433773,0.14375302664750045,0.0723438687994914,0.45205302523742663,0.23004936269164458,0.7575922645338631,0.3874217210979074,14,7,2.263671875,4.328125,2.2636088634514424,2.263801379935013,2.2640405222951046,2.303025512009241,2.2662048459990487,2.2949317179564757,2.328394237949716,2.676804893167967,0.477294921875,2.068359375,2.109375,0.48798299505277976,0.5765776845478744,1.7954435236396562,0.326186852796341,0.08322999280114907,0.07490978152732973,0.14764164656167633,0.10319584950878781,0.492352125291025,0.3503856207593594,0.9457139645282906,0.6679681993643213,5.427031878065227,1.7199427224169854,0.3169214334945378,0.08339749022285936,0.07219860689586564,0.15263405103182404,0.10354915620435128,0.4710827863626914,0.3244429383917906,0.8714892624369979,0.6041855647568506
82,test,,0.8606087565422058,55.09375,55.78125,1.138671875,1.849609375,2.05078125,19,8,2.564453125,4.12890625,2.561013507425723,2.5611934443168387,2.5614492663995745,2.597966176001623,2.4844628485571403,2.5125104818449873,2.5473072354174113,2.8816715793392627,0.378662109375,2.05078125,2.041015625,2.041015625,0.34437697972937364,0.4469550889805723,5.50434055893928,1.6259490181890492,0.29539397149917257,0.06160753377991224,0.03890253192676536,0.1287011677660601,0.06762135994212214,0.47196250136108375,0.2513462395153466,0.8222001821775207,0.4354013295391578,5.4301771572990605,1.5878824729102967,0.2924181710675717,0.08279198173909297,0.05085366363052703,0.15074382037293788,0.07899717903740676,0.4498443754683379,0.23899890758785675,0.7888193847679279,0.41428517148268634,15,8,2.201171875,4.328125,2.203226428806689,2.2034224601550223,2.203658235716324,2.2431299969282836,2.214001518733423,2.243613408469056,2.2774120871311587,2.633708017079911,0.491455078125,2.09765625,2.083984375,0.49825730501423426,0.5791580103513304,1.7906538005394692,0.3253166807841082,0.06595234348657808,0.06273108277647459,0.13941515066987176,0.10169057170806424,0.49235287758739865,0.3659383643766103,0.9457147168246642,0.6973846221325968,5.4301771572990605,1.7463937762483708,0.32160898726866166,0.08832237061198622,0.07992121321544074,0.16236131812243038,0.11720366549056628,0.46843947938354535,0.3446233002063876,0.9018642003280561,0.6529917852452127
83,test,,0.7864408493041992,52.09375,53.46875,1.134765625,1.84765625,2.05078125,22,7,2.587890625,4.12890625,2.5859117733575987,2.586090369317312,2.586347703400539,2.622700087011801,2.5698786218841625,2.5974122723409354,2.6340897334358426,2.959160209593332,0.373291015625,2.037109375,2.05078125,2.107421875,0.3386420251879361,0.44401649565904217,5.50434055893928,1.6431601805324152,0.2985208060689221,0.07387567385670657,0.04679805670808683,0.1283885593171954,0.06763595267165455,0.4730836629479249,0.25262038988059066,0.8265483611193387,0.4388735736863863,5.413917166910164,1.6306504971788178,0.3011960558143272,0.08361922017222145,0.05136192438485219,0.1559863189896058,0.08223554329380889,0.45675480933947377,0.24653626340479803,0.7711079377416192,0.41700498378686823,16,7,2.220703125,4.328125,2.2242954461273627,2.2244899523758295,2.2247273282901205,2.264039555683383,2.199278444708778,2.2289434918622053,2.2627102581174223,2.62002870655908,0.48681640625,2.08203125,2.09375,0.49161057327549085,0.5776196859928316,1.8165414937602153,0.3300198224127095,0.08035359064449477,0.07713747673638124,0.13772477879770584,0.10117023592245405,0.4923536666989978,0.3685843955568855,0.9457155059362616,0.7023869186779363,5.413917166910164,1.7940840740080222,0.3313837317226528,0.08807119927184903,0.08065643669513274,0.16451188738201505,0.12090108615409408,0.47538499878543483,0.3610749829700883,0.8803880864232676,0.6704899065618078
84,test,,0.845425546169281,50.9375,51.84375,1.130859375,1.84765625,2.05078125,16,8,2.55859375,4.12890625,2.5587185779328636,2.5588947194594374,2.559146944233798,2.595407354224958,2.5455017602661436,2.573363101776712,2.6121347489525872,2.9390526265166232,0.380126953125,2.03515625,2.033203125,1.9560546875,0.33358893401640577,0.44081618323138344,5.50434055893928,1.6225462925433023,0.2947757819795905,0.07489070628299554,0.04744539301566278,0.11188611254578795,0.05894684074410764,0.4721946647776347,0.2521651534436595,0.8236155861467731,0.4373499432952076,5.406884954282763,1.5569112155012945,0.28794975825555047,0.08116560015683039,0.04972514955249765,0.12375847257340844,0.0641333339424732,0.4515800620467605,0.2356389834951026,0.7523379029356567,0.39561705418487003,13,8,2.185546875,4.328125,2.1857879007964294,2.1859828732476374,2.18621754539031,2.2256709165134807,2.1640280514716848,2.1940135793180375,2.2278445424194677,2.5889689285034656,0.495361328125,2.078125,2.0703125,0.4933572605259436,0.5786223874221079,1.7853695507719727,0.32435666573581784,0.07961173638535968,0.07648849417360813,0.12025636948600837,0.08839411568177309,0.4923529270046414,0.3688214926241502,0.9457147662419043,0.7028356657832109,5.406884954282763,1.7129613013355658,0.31681112430157016,0.08621436767877722,0.0784810522926877,0.13154836305201467,0.09423515118617022,0.46950105168105694,0.33956311150428836,0.8601526904768164,0.6287951411687169
85,test,,0.7684797644615173,52.3125,54.15625,1.126953125,1.8544921875,2.05078125,15,7,2.61328125,4.12890625,2.61277945469577,2.6129620537954437,2.6132266573460585,2.6494789299694217,2.547668237790224,2.575262214925779,2.6108441398568574,2.9381344867837047,0.366943359375,2.021484375,2.0703125,2.091796875,0.3359651555786276,0.4404057328187367,5.50434055893928,1.6546891377274462,0.30061532712400246,0.07939300217569922,0.04972145394478687,0.1360118752114401,0.07097335730235223,0.47224732196883057,0.24975330335122492,0.8230363584308913,0.43283762900336403,5.406914170777506,1.602303832129984,0.296343493075936,0.09002781580208818,0.055273374629559176,0.14008488842164013,0.07264530577547658,0.4416786100943053,0.23326960656564513,0.7301778632299056,0.38484036673430044,13,7,2.248046875,4.328125,2.247506743343961,2.2477031677921735,2.2479459618070465,2.287223498448937,2.2213868324873474,2.2510033583207902,2.2852547128148277,2.6411451355845226,0.48095703125,2.060546875,2.109375,0.4880747702854014,0.5768958819059102,1.8264984525738477,0.33182875096773173,0.08486664492475882,0.07979514154105176,0.14670066896038758,0.10606039905458513,0.49235204418866196,0.36264781512443767,0.9457138834259275,0.6911629704916331,5.406914170777506,1.7657610026998602,0.32657463146783156,0.09702823075502387,0.08828759500481771,0.15025529032524698,0.10743504009861893,0.45995472072422405,0.3372950753300977,0.8440790168511496,0.6172045478445838
86,test,,0.8395379185676575,50.21875,53.0,1.123046875,1.826171875,2.05078125,15,7,2.64453125,4.12890625,2.6473457534104377,2.647510546366587,2.647754449424907,2.682861827859558,2.5417481867803144,2.5695551174645384,2.6047863101921176,2.934286310859222,0.359375,2.03515625,2.08984375,2.130859375,0.31048069273598156,0.4043763952698933,5.50434055893928,1.6599043128590498,0.30156279305125766,0.07475960005215132,0.045966940607808066,0.14714891600066782,0.07561603662738732,0.47224139105057006,0.24589796415185983,0.8234935928950673,0.4264349829879259,5.423013785675042,1.5344872786439443,0.282958395329422,0.07515740497651446,0.04268245610355795,0.14988594313716597,0.0740521586255774,0.45466399725382445,0.2257207650766326,0.7723825424818926,0.3847052352994928,15,8,2.287109375,4.328125,2.2907806050751214,2.2909665924644265,2.291200868884125,2.3296423592104754,2.22344942540283,2.2529033118801043,2.2871258803413457,2.642054511383938,0.471435546875,2.080078125,2.134765625,0.48436926167563277,0.575934759042638,1.8309965601747291,0.33264594379087137,0.0811696282705352,0.07393774056773726,0.15851514731909244,0.11183244015241546,0.49235178277450675,0.3537231547164684,0.9457136220117723,0.6742827853494242,5.423013785675042,1.6863756350109136,0.31096650343495263,0.08053932183082502,0.06451515351447189,0.1598630298401451,0.10575838052967922,0.473880594572508,0.3155401344209419,0.8796593155361192,0.5882997826846144
87,test,,0.8071674108505249,51.84375,53.25,1.119140625,1.8310546875,2.05078125,17,7,2.6328125,4.12890625,2.6328809173103664,2.633052746424342,2.6333037605642544,2.668672215856658,2.5835867531375243,2.611268712170227,2.6504489515524603,2.973681723609248,0.3623046875,2.05078125,2.080078125,2.0859375,0.3197064695096828,0.42338254788613494,5.50434055893928,1.6637583015414115,0.30226296569520905,0.07561661627759708,0.04702201805635472,0.14899707989496935,0.07729127795937688,0.4728368855546483,0.24857230949657935,0.8245433839535066,0.4310559673653127,5.382616872791853,1.5747278947830354,0.29255804973655064,0.0877691103714886,0.05290696038705366,0.14738105314077732,0.07466722104154672,0.45444317136959,0.23252076006623942,0.7311715017209988,0.37734749410233404,14,8,2.279296875,4.328125,2.2781090040272103,2.2782977304170426,2.278533105249715,2.316996252795902,2.260638530703977,2.2901036574551807,2.3245912429099307,2.6774513973390617,0.473388671875,2.099609375,2.126953125,0.4860005050776227,0.576184365992505,1.834346730587304,0.33325458534869323,0.08143100238449641,0.0747140266015085,0.16241185509727085,0.11522441799254582,0.49235229732787467,0.35574460504077715,0.9457141365651403,0.6781064457945141,5.382616872791853,1.7353122382146635,0.32239192928375615,0.09392861287466037,0.0821578522508236,0.15728866951247422,0.10786675366335474,0.4737556716061242,0.32928056142783463,0.8400974745850593,0.5907853975123738
88,test,,0.8281374573707581,50.46875,51.84375,1.115234375,1.83984375,2.05078125,23,8,2.61328125,4.12890625,2.6118532023407863,2.6120296135695527,2.612285114217478,2.648134503473504,2.5808696834135967,2.6087765324316936,2.6482197749254417,2.973259043307825,0.3671875,2.064453125,2.083984375,2.08203125,0.3223529712645009,0.423589044282437,5.50434055893928,1.6657842946388572,0.30263103759696586,0.08166076230038488,0.051313463827991505,0.1408760568867038,0.0737171922516077,0.47203266573788305,0.25034745988212875,0.8221099339080169,0.43356917391504,5.423924151540659,1.579988759072748,0.2912999361585752,0.1081249277435763,0.06451194831684054,0.16572718075415072,0.08409437802921343,0.44382278314703605,0.23098463051305035,0.7471754398759112,0.3863976715963204,19,8,2.251953125,4.328125,2.2530312090559863,2.253222159923926,2.2534593302937047,2.2922799829174454,2.1881977962752646,2.218687874142223,2.253842423376073,2.6167569098772034,0.479736328125,2.1171875,2.13671875,0.4862244754387939,0.5760657819258055,1.8353249905465994,0.3334323105364465,0.08632038752564863,0.08173377926435559,0.1533340196877102,0.11145564082014003,0.4923530517915671,0.36464675396332474,0.9457148910288318,0.6949422639303016,5.423924151540659,1.7414376348027685,0.3210660005833812,0.1144432620935305,0.09904866647102102,0.17778293999910844,0.12259979317971197,0.46141219844887527,0.3293869009341926,0.855176299206164,0.6051867978540588
89,test,,0.9224371314048767,49.53125,51.84375,1.111328125,1.814453125,2.05078125,17,8,2.59765625,4.12890625,2.602364489749833,2.6025380692865303,2.6027876122911238,2.638169783015971,2.5587856564063802,2.585978541665739,2.621539804887074,2.9455102145866254,0.370849609375,2.072265625,2.06640625,2.046875,0.3127651733383437,0.40895906139572247,5.50434055893928,1.6473375956833078,0.299279737153611,0.07470489676172853,0.04690638014447594,0.13179614311025656,0.06892158658423347,0.47320305593309353,0.25080484032475797,0.8274583280887642,0.4361073994567722,5.410677126042307,1.5383594611485067,0.28431921279208816,0.08376172586694342,0.04996545640784476,0.13934710351111956,0.06968209721097342,0.43989891409825166,0.22418294304518904,0.7640356974296489,0.38874107532065827,16,8,2.240234375,4.328125,2.241296915044224,2.241486730191622,2.2417173624681124,2.280283472803195,2.1808469349245216,2.2111364608296213,2.245332102551218,2.6075928960847947,0.482666015625,2.126953125,2.1171875,0.4932055553486947,0.5781808171048104,1.8123849422142015,0.32926468171937734,0.08158776980328586,0.07652353780505439,0.14207810356448025,0.10252405310627308,0.49235321064812876,0.3619494779038399,0.9457150498853926,0.689841577880239,5.410677126042307,1.6927087380765795,0.3128460077444554,0.08897025741063391,0.07662191363127081,0.149269566145235,0.10055062814138975,0.45859170253433845,0.31692537823319544,0.8765602222505553,0.6044490303921746
90,test,,0.7885613441467285,50.46875,51.84375,1.107421875,1.8544921875,2.05078125,24,8,2.61328125,4.12890625,2.6099316791473934,2.6101015748935126,2.610347550440349,2.6456358204503645,2.582316981352634,2.609442289931802,2.6456963202304133,2.9677285528531065,0.3671875,2.08984375,2.08984375,2.185546875,0.33592829721816597,0.4363281617721032,5.50434055893928,1.6724554423027795,0.30384301705072403,0.08151430920588343,0.0513928764614424,0.15260004268469096,0.08007452580234484,0.47229780997438997,0.2511953774623716,0.822708283251993,0.43510299137707653,5.4366843393224356,1.5708280212944135,0.28893125354601384,0.08674001606078452,0.05219962850840911,0.14849750818614638,0.07488546056667099,0.4638460418384307,0.23722260770046616,0.7761765760719372,0.3950218182557624,19,8,2.25390625,4.328125,2.2547960514309384,2.2549827233498685,2.2552134423356134,2.293613611774928,2.222414791825764,2.2518538786262785,2.2858359588622514,2.6407448642311664,0.479248046875,2.14453125,2.140625,0.4909332412905086,0.577151809382941,1.8392732749828524,0.3341496143431379,0.08660170507435794,0.08238980769102325,0.16407243128120008,0.11969576721410573,0.4923527057205064,0.3660004750800537,0.9457145449577702,0.6975021755933348,5.4366843393224356,1.7306567570311806,0.3183294539492924,0.09210117808832763,0.08055911377318559,0.15784036488683473,0.10777237091953423,0.48294877917461676,0.336104780632839,0.8875244696526536,0.6135773820173454
91,test,,0.9059755206108093,49.3125,50.9375,1.103515625,1.837890625,2.05078125,19,8,2.65234375,4.12890625,2.6552452750656377,2.6554155883533657,2.6556638072470213,2.6905390557747744,2.635220687811267,2.6623283649669043,2.700446011214573,3.0182502312851187,0.357421875,2.05859375,2.0859375,2.306640625,0.32889299606390066,0.43150215498544897,5.50434055893928,1.6782548785734321,0.3048966285067293,0.07995897535338248,0.049320375668261696,0.14511381310293991,0.07476857004711966,0.4726991467639925,0.24679962839162847,0.8247189554470564,0.42821406847125704,5.402345988217996,1.5943287475878272,0.2951178527004577,0.10223157135157823,0.060233882298459815,0.1574495034215051,0.07998381801627973,0.4556395902906978,0.2328069955821007,0.7704403490648053,0.3910238175348577,16,8,2.3046875,4.328125,2.307023411920154,2.3072099254354304,2.3074418154921683,2.345323803187728,2.2247765631541294,2.254172613156672,2.287945438403783,2.6423217007464586,0.467529296875,2.109375,2.134765625,0.48996843953812846,0.5772120923116772,1.8453777358173524,0.3352586410774278,0.08454234735471733,0.07667757308863622,0.1576748162112036,0.11086735873055482,0.49235216594125486,0.3525181400802606,0.9457140051785187,0.6720028444927817,5.402345988217996,1.7588210955056556,0.3255661705750571,0.10853009686609649,0.09170200960085204,0.16915985237861175,0.11627850849265824,0.47433734784085857,0.3286194950149939,0.8837147880966416,0.6067036296086668
92,test,,0.8001855611801147,53.46875,54.625,1.1005859375,1.84765625,2.05078125,15,7,2.56640625,4.12890625,2.5660797130168316,2.566263783225904,2.566526780930463,2.6029649445260095,2.529953544756766,2.558011972770016,2.595168055438213,2.92534160941662,0.37841796875,2.10546875,2.080078125,2.154296875,0.327603287723691,0.43134274138957523,5.50434055893928,1.6762737220655648,0.30453670228365975,0.08170048168128385,0.05343551730457724,0.14918843451768815,0.08070440752034297,0.4726156813058511,0.25924375670373584,0.8246950623886979,0.4497461983625804,5.3689562603557235,1.5750021238918204,0.2933535025274107,0.08105712932020648,0.05151138185350796,0.14733886939993734,0.07650800977903657,0.4560952048331659,0.24074137702245588,0.7233351277999285,0.38677005781170065,12,8,2.189453125,4.328125,2.1883729246097423,2.188566598325647,2.1888013226286556,2.228121219309645,2.1553558528875065,2.185246821313415,2.219149448769405,2.5804232813258827,0.494140625,2.16015625,2.12890625,0.4885518568073108,0.5780778455698923,1.842208596144848,0.33468288824408293,0.0870044466476525,0.08833629128766472,0.15829773440963102,0.12134307562348438,0.49235469048573055,0.38494489237123913,0.9455815037926163,0.7332015282583711,5.3689562603557235,1.7242499828240399,0.3211518029222683,0.08651339587795004,0.08291794477402945,0.15510687649356836,0.11114142474044533,0.47546885597260236,0.3484994009483736,0.8312145070505874,0.6203177423308269
93,test,,0.7947853803634644,52.09375,53.46875,1.0966796875,1.8681640625,2.05078125,16,8,2.548828125,4.12890625,2.5527235801570907,2.552898456478923,2.5531500808415935,2.5892818858686466,2.5103648163699415,2.538664587200033,2.57604323690982,2.908435812542525,0.382568359375,2.099609375,2.0703125,2.08984375,0.34637224409651035,0.44244837883295357,5.50434055893928,1.659783185574447,0.30154078727539657,0.07773909423996805,0.050567497165535255,0.14143985200624343,0.07616753752025161,0.4719450104961256,0.257691528974286,0.8213481053145939,0.4458835539611189,5.417803104785664,1.579581881861066,0.2915539474784137,0.06646938020121418,0.041480385063478856,0.1512497000447981,0.08002023335483534,0.4616581078014015,0.2437858543130382,0.7658350620631644,0.40707773887031,13,8,2.1796875,4.328125,2.1765399631258386,2.176730816535488,2.1769608925167905,2.2162589276983877,2.1579311238503482,2.18812445859084,2.2222611417437377,2.584871451841097,0.49658203125,2.154296875,2.115234375,0.4953994305116406,0.578723224339631,1.8289733315641605,0.33227837412673006,0.08425782394656789,0.0850752371143987,0.15375352135089138,0.11736768727508855,0.4923542824065068,0.3833056827126317,0.9457161216437724,0.7302095173842943,5.417803104785664,1.735571484789435,0.3203459873350449,0.07113852537041332,0.06634488145139937,0.16247810439782118,0.11947205712291262,0.48109100080870437,0.3528274015428629,0.872655673973977,0.6458726248394411
94,test,,0.8221811056137085,51.375,52.78125,1.0927734375,1.82421875,2.05078125,18,7,2.5546875,4.12890625,2.552554067240966,2.5527327491900236,2.5529877725947534,2.5894710879926355,2.580637317124801,2.6083830727126953,2.6484459851191327,2.971915540248562,0.380859375,2.119140625,2.072265625,2.078125,0.3245994000685643,0.418925230190679,5.50434055893928,1.6386011102491267,0.2976925378623185,0.08588353249989034,0.05538990915706763,0.1237221409293836,0.06615624544949639,0.47289051556161255,0.2563609633649758,0.8252348494019355,0.44480763762941955,5.4065666024338395,1.5429648199606905,0.2853871844038884,0.08088760365170078,0.048758597549199395,0.14323143319462162,0.07414482427840201,0.44847041832913703,0.23499134584650605,0.766729539458205,0.39872188147400905,15,8,2.1953125,4.328125,2.193883034449554,2.194077494872709,2.1943142749445874,2.2338115682330155,2.1600057102916934,2.190414046604455,2.2250072331759947,2.5890221250011205,0.4931640625,2.17578125,2.12109375,0.49841603384987676,0.5790060130992728,1.8177055302692544,0.3302312985189887,0.09258988033269944,0.09090044266219198,0.1346426563892944,0.1006140361087819,0.49235512374406465,0.3750736575890168,0.9457169629813285,0.7146527004791369,5.4065666024338395,1.708025452230475,0.31591684294827405,0.08646749337407655,0.07602845682404731,0.15343054671932244,0.10880493566261872,0.4669860529054475,0.3367310192912868,0.8764281516812007,0.625423515966119
95,test,,0.8101834654808044,53.25,55.09375,1.0888671875,1.8212890625,2.05078125,20,8,2.64453125,4.12890625,2.6423214110509843,2.642494310946927,2.642746075651707,2.67805038631637,2.6079602225736473,2.635190758472619,2.672473630304697,2.9933413023099296,0.359375,2.0625,2.087890625,2.04296875,0.32305846772173646,0.4260254787485386,5.50434055893928,1.6771591142250482,0.30469755573195256,0.07979616402280865,0.04950790907968977,0.14577513863040625,0.07547601629400835,0.4726301676158169,0.24798452515765884,0.8242771218102538,0.430090445468808,5.411976162886232,1.5840130826451473,0.2926866333055661,0.08173027352445583,0.04866080030001342,0.14683086297640902,0.0728212937980103,0.4517287293096288,0.2308456406643174,0.7475650230475726,0.3811756407828881,16,8,2.29296875,4.328125,2.2930241337307313,2.293214766042083,2.293452998563638,2.331892331751392,2.2706121279777682,2.299687659275901,2.3337442540544076,2.6839056602408116,0.47021484375,2.11328125,2.134765625,0.4872920606535861,0.5761655527410945,1.845850070951128,0.33534445247094863,0.08588428712929996,0.07883970391259484,0.1564229670017463,0.11101881153007387,0.49235259566316003,0.3558860208097565,0.9457144349004238,0.6783737567583806,5.411976162886232,1.7432954018507605,0.3221180857753544,0.08550328598045276,0.07357827752667324,0.15517194993751193,0.10353089805164631,0.4702213530037769,0.3266952152950808,0.8606691636446868,0.5961580604312154
96,test,,0.830122172832489,52.3125,53.71875,1.0849609375,1.8173828125,2.05078125,17,8,2.591796875,4.12890625,2.5896441215281607,2.589826787502702,2.5900889883106766,2.6263622036047343,2.592646326407396,2.620295568422057,2.6572883678279386,2.982091211278028,0.3720703125,2.068359375,2.0703125,1.990234375,0.31368775798078435,0.42030615633760554,5.50434055893928,1.69535195086904,0.30800273578925225,0.07941694609662253,0.05158689073293685,0.14465611938971623,0.07780962700174925,0.4726762563709208,0.2577887667872668,0.8261141645881507,0.44794908689345014,5.40563321637539,1.611512105572106,0.29811717537370475,0.09087175228345767,0.0571103750052928,0.1603510607378027,0.08339730255854662,0.44504677953247196,0.23716848480267247,0.7779317224865689,0.4123823618094965,12,8,2.2265625,4.328125,2.2266887121315415,2.226884615314546,2.227125247897715,2.266288043033979,2.2145562449551734,2.244043563528817,2.278163740635253,2.6338138434177414,0.485595703125,2.1171875,2.115234375,0.48898272596131825,0.5769269747938286,1.865786123456842,0.3389663309307283,0.08610177224168858,0.08591278387887968,0.15601832782207303,0.11803263347536495,0.4923545943518599,0.37981439509296344,0.9457164335891273,0.7236124074118242,5.40563321637539,1.7766357394549317,0.3286637602553082,0.09606927727036929,0.09097361535938545,0.17006674693221946,0.12256275240597347,0.4635618565632438,0.3455919972093164,0.8919772087191662,0.6600938623465813
97,test,,0.9324549436569214,52.09375,53.46875,1.0810546875,1.8515625,2.05078125,18,7,2.58203125,4.12890625,2.5799109497480535,2.580092527526214,2.5803502280797774,2.616365138888749,2.5544999377880715,2.582087283130266,2.6177850390156268,2.9448020091169287,0.37451171875,2.06640625,2.056640625,2.099609375,0.340220588863448,0.44450762620577555,5.50434055893928,1.6672872924502937,0.30290409443190236,0.06793170425171713,0.043814931324518754,0.1630717405410218,0.08720192393585809,0.4726535516156858,0.25624684965096534,0.8249819451427101,0.4446960773883737,5.41621076046939,1.613829892395953,0.29796290502109124,0.07872604008181838,0.048955384190767705,0.17176664492655558,0.0903404882277963,0.4334576161508643,0.2316982303874047,0.796706336883795,0.4179735957878792,15,7,2.21484375,4.328125,2.2165704625873475,2.2167690239546305,2.217007463681041,2.2561486488946985,2.2140099445185295,2.2432708497870033,2.27651181378128,2.630949754778141,0.48828125,2.1171875,2.10546875,0.4929479035264265,0.57878841192633,1.83626574680941,0.33360322224743844,0.07155632665828815,0.0701609589286098,0.17209793803291262,0.12847808743234185,0.49235485706696025,0.3747016864603747,0.9457166963042267,0.7139498315950198,5.41621076046939,1.7715867763031024,0.3270897043433313,0.08377798430937755,0.07783362843315113,0.1820065628578984,0.132892279795643,0.45181140949965215,0.33741371378535495,0.9159842177228574,0.6664737380731923
98,test,,0.8687286376953125,53.71875,55.09375,1.078125,1.8310546875,2.05078125,20,8,2.6171875,4.12890625,2.621283734480313,2.621461395468297,2.6217192074037396,2.657372062046568,2.6316249440018726,2.658601076375493,2.6951595336916285,3.014047764565933,0.365966796875,2.09375,2.08203125,2.083984375,0.31674563946773426,0.4238283579667555,5.50434055893928,1.6793993052012754,0.30510454199165793,0.08261879822624874,0.052344693875102814,0.14665020747811397,0.07726628657822782,0.47244572838467835,0.25231271138490624,0.8228699825660568,0.43697723777621167,5.418806123765831,1.5766678020012899,0.2909622093852613,0.09049145627941702,0.05357321206719889,0.161966467600152,0.08207928192115442,0.444965663433317,0.22799132760224766,0.7657710674220679,0.3907736266955876,17,8,2.2578125,4.328125,2.2580554914920548,2.2582490383638634,2.2584885884382713,2.297239992616509,2.229459127896661,2.2594223035980505,2.2943060248670153,2.651858211826737,0.478515625,2.146484375,2.126953125,0.48648689191159517,0.5766199921792089,1.8452736951107553,0.33523973950230124,0.08852769431212781,0.08409370419545728,0.15752893921458622,0.11478767241441222,0.4923543893090736,0.3655653365434195,0.9457162285463374,0.6966782874515483,5.418806123765831,1.7330479077916694,0.31982098421843475,0.09522021143674575,0.08095074668052961,0.172722293089965,0.1182665903786885,0.4632235191944547,0.3219430218736787,0.8778564084482658,0.6067626048973239
99,test,,0.8205876350402832,51.625,52.3125,1.07421875,1.8544921875,2.05078125,24,8,2.662109375,4.12890625,2.6612286096666664,2.6613999964207626,2.661647392564741,2.6963902003595086,2.626807314856173,2.653742241202555,2.690297747688131,3.008533532417264,0.35498046875,2.06640625,2.099609375,2.197265625,0.3405830195416886,0.4510878002496784,5.50434055893928,1.6923049328776503,0.3074491693885612,0.07085265505058658,0.04394225948520421,0.14939306721091317,0.07732450595739074,0.4729092329906077,0.24805058350197795,0.82535137851713,0.4305122645887014,5.42143651814747,1.6475902732873369,0.3039028987561264,0.0715195846465182,0.04272088727645356,0.15827550713972904,0.08131525474117428,0.44229311492321166,0.2297693531652011,0.7818486060384142,0.4060373412432046,19,8,2.318359375,4.328125,2.3168874965476194,2.3170755405121133,2.317307984513822,2.355278703563484,2.2976729091100863,2.3262383980542376,2.359391901204257,2.705172265493286,0.464599609375,2.115234375,2.1484375,0.49048692674244193,0.5775209797271961,1.8651330354495181,0.3388476812940769,0.07753878846887563,0.07098791164871086,0.1645527518941856,0.11654657827033782,0.49235221267996465,0.3551340752262664,0.9455689080976217,0.676847696348188,5.42143651814747,1.8143625953549147,0.3346645468007603,0.07809642862838473,0.06760588408360402,0.17266513290047847,0.12095612358519628,0.46066085762670106,0.3276378604107969,0.8959795827703516,0.6369731406161144
100,test,,0.8246772885322571,52.09375,53.25,1.0703125,1.826171875,2.05078125,23,8,2.705078125,4.12890625,2.7030822446335616,2.7032546943408438,2.703507602997225,2.7382240687353523,2.691710335960665,2.7184371942704955,2.756298411056817,3.069330168058162,0.3447265625,2.10546875,2.16015625,2.26953125,0.31596900200067013,0.415621572475395,5.50434055893928,1.6897823321810361,0.3069908763978564,0.07904220520609861,0.04767541558955785,0.1488208278874934,0.07525524164227798,0.4725525080238633,0.24208340677508272,0.8238827353773646,0.4197790135093561,5.39276679749505,1.577503609815381,0.2925221262206506,0.07021591818267314,0.03969785887426804,0.1516406326966102,0.07393531765757266,0.4449896682022354,0.22071354439094734,0.7599763757498854,0.37255533681571934,17,8,2.375,4.328125,2.372464071381195,2.372650736933026,2.3728908541121587,2.4106915754967715,2.3657128624289574,2.3940650503795924,2.4282883975855487,2.769030383569931,0.451416015625,2.162109375,2.212890625,0.4870201686764789,0.5750599768216749,1.8746184576806457,0.3405709435322251,0.08559496358746888,0.0750571779491366,0.16063616456421492,0.11002321289930715,0.4923528625560154,0.343222754034566,0.945714701793281,0.654413077620931,5.39276679749505,1.743513308779261,0.32330589737148024,0.07445648500879898,0.05855763863701332,0.161507141392204,0.10394735410758432,0.4642403754018236,0.3056436829888195,0.8771585124242165,0.5686032111116868
101,test,,0.8392685651779175,50.0,51.625,1.06640625,1.849609375,2.05078125,21,8,2.650390625,4.12890625,2.650595048565995,2.6507738781444727,2.6510329814260003,2.6864744591072798,2.6365513866675787,2.6636601784490836,2.7017383789847145,3.0195970534668723,0.358154296875,2.103515625,2.111328125,2.06640625,0.33131998224175924,0.43108908101398935,5.50434055893928,1.6837910332453383,0.3059024083295121,0.08294898080789892,0.05151122757653433,0.15375032168466163,0.07966615924348999,0.47243311351327044,0.2480733203257279,0.8233358100349584,0.4299305167083471,5.413489154794048,1.5953616746128008,0.2947011860548366,0.07876389800881611,0.04621040988662793,0.18055658155517307,0.09132048800730089,0.43205078515433026,0.2198141687679396,0.7765646326133488,0.39137652091947844,18,8,2.30078125,4.328125,2.301772284480995,2.3019634060348766,2.302202246241863,2.340710589521459,2.282802352975044,2.3118385797620644,2.345976428978983,2.6953184143531783,0.468505859375,2.154296875,2.158203125,0.4887452973240358,0.5766128246173259,1.8556920528548484,0.337132492618235,0.08871243832064213,0.08158477532850926,0.16497808466231412,0.11725612939760413,0.4923547184700725,0.3563995169111349,0.9457165577073363,0.6793437005314501,5.413489154794048,1.7616110949748633,0.3254114018894497,0.08480452329529342,0.07141383667227753,0.19613561255738432,0.13431912678025834,0.45063990816515176,0.31109154165870917,0.8923617273852802,0.6081918769392359
102,test,,0.8789674639701843,50.21875,51.15625,1.0634765625,1.8037109375,2.05078125,20,8,2.669921875,4.12890625,2.669690967422246,2.669867479756809,2.670124826662424,2.7054351196775968,2.6705515187852953,2.697175917082473,2.734268825869097,3.04822617838243,0.353271484375,2.10546875,2.125,2.146484375,0.30246969368143684,0.408610531482788,5.50434055893928,1.6916653471439496,0.30733297277484295,0.08441915672141054,0.05189224198372466,0.1522999367403166,0.07824536291499067,0.47251841378353454,0.24598586646248918,0.8230667439930723,0.42611687798449865,5.403469665713844,1.5775004345340946,0.2919421283224125,0.09176845973520553,0.05265716059998605,0.14444375546527954,0.07215114604712061,0.44194717183169185,0.21978821003585364,0.7552550365788928,0.3746344566554699,16,8,2.330078125,4.328125,2.3295567137469395,2.3297545911630424,2.3300040627900254,2.368653038380269,2.267814365630704,2.2974715604107754,2.332506010091858,2.6862693925698227,0.4619140625,2.16015625,2.173828125,0.4858000695677337,0.5759050133402419,1.8607325905051666,0.33804823131505896,0.09204252262678736,0.08289133683187071,0.1668311591299112,0.11666321457608307,0.4923538800687224,0.35055384044854593,0.945715719305988,0.6682853561527694,5.403469665713844,1.7402504341338916,0.3220616644109521,0.09873033859643154,0.08009901366270829,0.15715920283387952,0.10534795530687575,0.46176879128992354,0.3077146461890847,0.8738111696876523,0.5802847611789067
103,test,,0.7755770683288574,54.875,55.3125,1.0595703125,1.873046875,2.05078125,25,8,2.6875,4.12890625,2.689764715823346,2.689937582417834,2.690192462732807,2.72502794591602,2.6128572374914847,2.6401051069655637,2.6777657447317433,2.99852711791771,0.34912109375,2.080078125,2.12109375,2.189453125,0.34541773913138785,0.4558098099861373,5.50434055893928,1.7028627111531534,0.3093672517024102,0.10623650608848845,0.065325558947563,0.13981417945812336,0.07185115267727463,0.4727462134198399,0.24617543817066467,0.8245545721455798,0.4270096010101455,5.381084990214767,1.6653290355675083,0.30947830011899563,0.10138517379364043,0.060619847024209375,0.15157147139294835,0.07774109201652783,0.4482778920811228,0.23252609145457526,0.7803777979460786,0.4072425300271371,20,8,2.34375,4.328125,2.3448173155730863,2.3450104874672566,2.345254485253165,2.383389006184824,2.3230741118140608,2.3519605227604603,2.386436761249169,2.732670282158779,0.45849609375,2.1328125,2.171875,0.4856457727483169,0.5753409373978559,1.8750373805468068,0.34064705126242006,0.11427212117655294,0.10313150237001625,0.15123009196504267,0.10592958740055561,0.4923546211376326,0.35114842280549236,0.9457164603748973,0.6694098422538418,5.381084990214767,1.8379305927198177,0.3415539052183718,0.10985597183781515,0.0950596706076101,0.1632350256035231,0.1139214494033842,0.46622601726434354,0.3304126613885213,0.8924524062315271,0.6377259719589283
104,test,,0.8866461515426636,53.0,55.78125,1.0556640625,1.83984375,2.05078125,21,8,2.671875,4.12890625,2.6716451846467573,2.6718210152940096,2.6720776114419666,2.7074043337090643,2.661832940620087,2.688535594253329,2.7270633466939214,3.0409780014466405,0.352783203125,2.078125,2.1171875,2.115234375,0.31085376746325105,0.40742837496276907,5.50434055893928,1.7018210303934826,0.3091780045530893,0.08840627762847575,0.05478766112245737,0.15226115282075625,0.07875955220335343,0.47261284052872643,0.24773732246764835,0.8245058534022887,0.42979898618889883,5.38385494885681,1.5792839490456516,0.29333701670045764,0.10210971977549743,0.05904902675456304,0.17469333100894602,0.08668172555175066,0.43159421637715134,0.21674846156090607,0.7306888701614866,0.36534299512175356,19,8,2.322265625,4.328125,2.3213400141749716,2.3215326199642705,2.3217752350302883,2.3602330560300255,2.2625342612421835,2.291658583731635,2.3258255215383863,2.676765497509688,0.463623046875,2.126953125,2.1640625,0.48190890836857203,0.5752753422390267,1.8727984928938448,0.34024030178371534,0.09373969135369631,0.08589765837072252,0.16402929990971415,0.11625706648060266,0.4923547774213759,0.35538855486478693,0.9457166166586415,0.6774313171719111,5.38385494885681,1.7400486556894261,0.3231975363784461,0.10918565945815573,0.09010035107936645,0.18775380782620044,0.12534229353350773,0.45027695301007675,0.30551865358315927,0.8389368536103117,0.5658559383384382
105,test,,0.8394226431846619,53.71875,56.71875,1.052734375,1.837890625,2.05078125,19,8,2.68359375,4.12890625,2.6811505687648096,2.6813257197276297,2.6815832565299336,2.7167478599808317,2.6399134196033276,2.66651021633344,2.7043054380620823,3.01905616718727,0.35009765625,2.087890625,2.126953125,2.12890625,0.31280058087121615,0.40945186165736225,5.50434055893928,1.6818327292221378,0.30554663382714775,0.09011794012989771,0.05484276365562529,0.15401234918625928,0.07846445369417156,0.4731267489944537,0.24421886957947436,0.8264891975894519,0.4242886261641263,5.386083960900948,1.5675179809300697,0.29103110763016504,0.08448659628895516,0.04981414263125411,0.16901630725751549,0.08251549180747206,0.4478689800109077,0.22073234055013016,0.7641989407517276,0.378226567937388,15,8,2.33984375,4.328125,2.3421419814727513,2.3423315810810315,2.3425727379950345,2.3806997144168776,2.35403240805683,2.3822664399745763,2.4162423386652065,2.757051392698761,0.459716796875,2.13671875,2.173828125,0.47993258798369687,0.5744653646084993,1.8539495108445019,0.33681591663757254,0.09675813168389613,0.08595121953201511,0.1664476463185416,0.1151602328999923,0.4923546049234906,0.3467685301802507,0.9457164441607544,0.6611223427185435,5.386083960900948,1.7289956555468606,0.3210116418715548,0.09048629992332025,0.07660592232462383,0.18234439256761714,0.11891093655091332,0.46740448193395423,0.30868634543775214,0.8777750075268544,0.5829919687708565
106,test,,0.8937243223190308,53.71875,55.78125,1.048828125,1.837890625,2.05078125,21,8,2.658203125,4.12890625,2.6623817853867333,2.6625527739930788,2.662803888664528,2.6978786229851783,2.5999442686128904,2.6273468057498133,2.663777065422762,2.98667699697129,0.356201171875,2.10546875,2.115234375,2.115234375,0.32057436819801466,0.42033503725277965,5.50434055893928,1.6968164621683153,0.3082688005945806,0.07066983459128462,0.04416505612518735,0.14093708102770464,0.07341413712881517,0.47305212315823475,0.24973313143111722,0.8260048740657666,0.4336290370295352,5.423721167557072,1.5955078230423698,0.29417216957725933,0.07965953008967208,0.04771129921826379,0.1684715886017063,0.08443072927890996,0.4657807888207577,0.23405906283304054,0.7775868936085084,0.39538029421144866,16,8,2.314453125,4.328125,2.3156492029235096,2.3158431630285716,2.3160865676019116,2.354671102777451,2.2925246493744096,2.3215192114069487,2.355720577596996,2.7042410972041435,0.46533203125,2.158203125,2.16796875,0.48744602215131966,0.5765891594736334,1.8820852838400874,0.34192747772183213,0.07840967917521802,0.07297010838919409,0.1546239050672229,0.11090756979472627,0.4923546540193362,0.35973781567452623,0.9455882341677286,0.6855649211600469,5.423721167557072,1.7694737672255658,0.32624718575320205,0.08584916520701658,0.07435464642072175,0.18482362569522515,0.12485069417414371,0.4858894518312571,0.3294183898202824,0.8873696268619735,0.6112796916406416
107,test,,0.8897537589073181,54.15625,56.71875,1.044921875,1.810546875,2.05078125,19,8,2.66015625,4.12890625,2.6567174571403065,2.656898593386052,2.6571596790026173,2.6927779590932386,2.6150163220851117,2.6423980642698535,2.6801503039017005,3.0012982645586437,0.355712890625,2.07421875,2.099609375,2.166015625,0.3002804418940894,0.4002060009303653,5.50434055893928,1.672461893584523,0.3038441890860795,0.0801547325977765,0.04924504681545242,0.15297266638823181,0.07855649917082426,0.4724443736921664,0.24583794810033113,0.8225434193960188,0.42565760916495105,5.415237135280055,1.549048897663123,0.2860537514730668,0.09706612201159892,0.05488618493907718,0.17128708806476656,0.08421748552309219,0.44515185220042497,0.22218792371496698,0.7445661039253633,0.37248369339142023,14,8,2.310546875,4.328125,2.3115577334633124,2.3117544591681365,2.3120018862687064,2.3508187898567963,2.2963070256288765,2.32530280978039,2.3596616559013777,2.70802397156745,0.46630859375,2.125,2.146484375,0.4885795001685097,0.5759426546645638,1.8490468710457457,0.3359252305060987,0.08842425947394972,0.08028114375279666,0.1652569371896675,0.11629161244318074,0.4923548399504192,0.35280699095194423,0.9457166791876821,0.6725475910645593,5.415237135280055,1.7184065501292274,0.3173280333254248,0.10605925205674893,0.08469956984059328,0.18602671660823322,0.12258362286909319,0.46383969013642634,0.3118921925372704,0.8499435970978935,0.573275362615713
108,test,,0.8873470425605774,52.53125,54.625,1.0419921875,1.8515625,2.05078125,21,8,2.65234375,4.12890625,2.651373350252637,2.6515562641167754,2.6518201660764276,2.687615561998971,2.5570665845580565,2.584638282586392,2.6201083766982096,2.9470639340351665,0.357421875,2.095703125,2.109375,2.0625,0.3394821855047409,0.44034662695176363,5.50434055893928,1.6951868625805924,0.3079727434065717,0.07490692469538818,0.046832211864250545,0.14918535880221917,0.07773721555487373,0.4721475813537701,0.24934183262530335,0.8230203915465832,0.4322108987656395,5.381053855285804,1.635445497751904,0.3039266176727459,0.0680034854758178,0.042509396749835414,0.1629354134128933,0.083661062551164,0.4480391080942301,0.23219845629233388,0.7585042700239075,0.3944108420779272,15,8,2.3046875,4.328125,2.3057288964278224,2.3059215619056403,2.306163754698178,2.3448416493918023,2.270479491578777,2.299924949035157,2.334578573251928,2.686887336493097,0.467529296875,2.146484375,2.158203125,0.48946863458657813,0.576506908767122,1.8694007868410156,0.33962302419769985,0.08055266390063487,0.07477680694014607,0.16054276238131582,0.11493074961616277,0.49235573421764833,0.3590312406579089,0.945717573454913,0.684320838751833,5.381053855285804,1.8027449847854191,0.3350170864791819,0.07287798893755326,0.06724815650280572,0.17815853421062577,0.12445108964875835,0.467037310393728,0.33040159251358786,0.87331210891311,0.6206360855484292
109,test,,0.822794497013092,53.25,54.625,1.0380859375,1.8447265625,2.05078125,19,8,2.6015625,4.12890625,2.598105420872773,2.598290309354046,2.598554992510517,2.634933035981504,2.5426815765701796,2.5705050739641955,2.607006931690024,2.93553410330178,0.369873046875,2.072265625,2.087890625,1.9921875,0.32832384606494736,0.43265265162362204,5.50434055893928,1.6916167168943126,0.3073241378837027,0.08212773883648161,0.053214638511373646,0.16160107802703827,0.08674454786006074,0.4733404486496875,0.25760984239129575,0.8266194893519003,0.44728888844611087,5.386940775074589,1.600627589206391,0.2971310909175957,0.07075095452263191,0.04303185200516465,0.1469381700177923,0.07543307377396541,0.4537210643339993,0.24298757404905666,0.7725770588991132,0.40427185901317425,13,8,2.234375,4.328125,2.2338892563387245,2.2340906778957734,2.2343378037637187,2.2739560501948306,2.222314826989422,2.252121141634413,2.2866830220016707,2.6436989024274182,0.48388671875,2.12109375,2.1328125,0.4862071228712676,0.5768946399974705,1.867439288542466,0.339266669375983,0.09021519440589376,0.08957845962315218,0.17596222352588953,0.13262830882034207,0.49235715725853435,0.37838336335901723,0.9457189964957982,0.7209063766349079,5.386940775074589,1.7592538887237534,0.3265775441348517,0.07521778789038347,0.06755093630287363,0.15755979614533455,0.11117118858985468,0.4731052437582397,0.3539596820495063,0.886727384126254,0.6423787945474786
110,test,,0.8436023592948914,52.78125,53.46875,1.0341796875,1.861328125,2.05078125,17,8,2.572265625,4.12890625,2.568437986793683,2.568626885056044,2.5688952607629476,2.605835522880971,2.567636666339293,2.595399603505627,2.6337157792369603,2.9592855160327303,0.376953125,2.08203125,2.076171875,2.080078125,0.3455719951451768,0.4576426509024114,5.50434055893928,1.7038624398907922,0.3095488772262916,0.07722054060122918,0.0511423848900988,0.16246133594414314,0.08879916884248512,0.47312558110827396,0.26226256207820386,0.8268997150626234,0.45568009321337155,5.423448944365186,1.6594242665451628,0.30597213757663544,0.08012209095930611,0.05173108596660568,0.1693626926065699,0.09102513892778268,0.4493833489601,0.246346376643436,0.7790063982513633,0.429421161063621,13,8,2.19921875,4.328125,2.1991348223078897,2.199338294904444,2.1995854141958158,2.2395512044004695,2.1636080083007148,2.1936339367127338,2.2277649974814033,2.5892785111048626,0.491943359375,2.130859375,2.123046875,0.49071175875701073,0.5778238437316908,1.8753781951092354,0.34070896868173295,0.08241035239143368,0.08556348730675677,0.17268257506241014,0.13461668152668024,0.49235783546518874,0.3916139001758585,0.9457196747024526,0.7459016437049899,5.423448944365186,1.8258664909095348,0.3366615062923308,0.0857387377242329,0.08533914409230396,0.1832119948004598,0.1391683091198219,0.46806209020467726,0.3656566195795992,0.8910662679211399,0.7016541322788349
111,test,,0.7927746772766113,53.25,55.09375,1.03125,1.86328125,2.05078125,21,8,2.630859375,4.12890625,2.630304443236277,2.630489429436228,2.6307560088498216,2.6668922624670066,2.5833076165491997,2.6106426661293343,2.648656920861942,2.9707190951513835,0.362548828125,2.0703125,2.095703125,2.130859375,0.34576887758245994,0.45059012417288863,5.50434055893928,1.6776528062636062,0.30478724713699407,0.08022961909370707,0.05038268115152641,0.15446867855609892,0.08078784902409498,0.4727213301447062,0.25058031289289956,0.8257869135440394,0.4352796825718457,5.418977621442691,1.6040722805516636,0.2960101319120437,0.05627714105304804,0.03387423977658458,0.1394113795960772,0.07099717634619777,0.451838020067151,0.23391220401295476,0.7731924887417305,0.39752628282556207,16,8,2.275390625,4.328125,2.272617351828724,2.272813223767929,2.2730566129034124,2.312269113789824,2.254772617490581,2.2842412847386915,2.318645179601192,2.671695237595486,0.474609375,2.119140625,2.14453125,0.48947333854118064,0.576359552722449,1.852990959760866,0.33664177205596973,0.08665270782840828,0.08166259542762426,0.16548709734642397,0.11985475417942767,0.49235691442806395,0.36330653360007287,0.9457187536653295,0.692405403245873,5.418977621442691,1.769873625898632,0.3266065574611913,0.062166298742619475,0.054609468780059726,0.14929591221930316,0.10363144031405086,0.47012079690166697,0.33373048691446494,0.8864822658034335,0.6233889113136925
112,test,,0.788603663444519,55.78125,57.40625,1.02734375,1.849609375,2.05078125,21,8,2.650390625,4.12890625,2.6535724351277814,2.6537369870099137,2.6539798286619107,2.6884274872505656,2.6052003847242187,2.6318244706296143,2.6650968570649685,2.9849916022011436,0.358154296875,2.08984375,2.126953125,2.0078125,0.3319870431239226,0.43310824822510385,5.50434055893928,1.6948887878355463,0.30791859073526545,0.08321130534303212,0.052134375813290945,0.15956622203948267,0.08329322239971905,0.47206500420026387,0.24974442859686508,0.8247519886981642,0.43389113146096897,5.41340774691724,1.6040028910220925,0.29630187970516725,0.08427781672751333,0.05025081649715569,0.14997830647894528,0.0751462736864159,0.4580189703807873,0.2358101921968991,0.762825572058718,0.390029724580449,16,8,2.294921875,4.328125,2.2922380253306156,2.292425643627648,2.29266274657918,2.330659928958787,2.281054706516003,2.309879893423388,2.3440496789201934,2.6915827396434873,0.469970703125,2.140625,2.17578125,0.48660330927395073,0.5765533913313017,1.8674647700069786,0.3392712987160901,0.09229013731361668,0.08590656959403882,0.17301296472144667,0.12411864124736316,0.49225070550071326,0.3597243960842907,0.9457139716483516,0.6857743702657644,5.41340774691724,1.7670745052304015,0.3264255322789407,0.09185491575533788,0.07915796212473272,0.16085532618614806,0.10875398371826037,0.47861583728331514,0.3357337733512607,0.8755044601892816,0.6083800575835154
113,test,,0.9207271337509155,50.21875,53.25,1.0244140625,1.8173828125,2.05078125,22,8,2.65625,4.12890625,2.65667301904979,2.65684535361413,2.657096454812092,2.6924251180967773,2.5979293220857613,2.6255867914236046,2.6650424327590776,2.9875114886157697,0.3564453125,2.078125,2.111328125,2.11328125,0.3038364075115362,0.40111810444731516,5.50434055893928,1.6880648412442048,0.30667885156610025,0.08092770921509995,0.05016733193673163,0.15567502742600237,0.08054464218989163,0.4714492970417501,0.24718720896355692,0.819439377488675,0.42726072151233196,5.414193512467795,1.5422839186447006,0.2848594005908972,0.08332935985016565,0.04762990967157928,0.14799949741169094,0.07232799428867401,0.45081583183889773,0.22200789896240058,0.7986303752279031,0.39003234659350833,17,8,2.3046875,4.328125,2.298649454407721,2.298848731420931,2.2990964801130134,2.338082945724623,2.296502942609149,2.3252988025088284,2.3592696762278824,2.706398317377845,0.4677734375,2.12890625,2.16015625,0.4831990117672754,0.575283878703132,1.8575839165538248,0.33747619658762407,0.0861853122400964,0.07941824457691365,0.1667245428257429,0.11867935724953546,0.4923539575629938,0.35695642376711145,0.945715796800255,0.6803976112896413,5.414193512467795,1.6972307867900143,0.3134780430144645,0.08811515309061058,0.07116780300315843,0.15807933729317636,0.10299389539469504,0.4699770628246842,0.30934849483623417,0.9138828292018886,0.5948911331816008
114,test,,0.8915246725082397,52.53125,53.9375,1.0205078125,1.8193359375,2.05078125,18,8,2.630859375,4.12890625,2.6356939140288915,2.635869005317736,2.636124321744826,2.6717665202722705,2.5426534076176424,2.570306608534877,2.606681095627974,2.9342294367640225,0.362548828125,2.083984375,2.099609375,2.025390625,0.31761135940679186,0.4215292714972628,5.50434055893928,1.688002367805764,0.3066675017163278,0.0904211129783441,0.05707357108983512,0.15058434252914665,0.079091973886467,0.4724910217249958,0.2515402479222137,0.8229902524912651,0.4356690915682611,5.397906738058497,1.6147934330661196,0.29915178446505053,0.08148221337681516,0.04873218890170155,0.16121480512285036,0.08323613828041575,0.44201835624375363,0.23187045902857728,0.7459972776443555,0.39368828995079247,14,8,2.2734375,4.328125,2.2695785956663936,2.2697737900240162,2.270016343524182,2.3091113706611934,2.244890269537116,2.2740716393182043,2.308098867771451,2.6602481714311654,0.47509765625,2.134765625,2.1484375,0.4849852311441805,0.5764121297754462,1.862617149370084,0.3383906081801417,0.09694341058624101,0.09230456046805927,0.16149178006999065,0.11788755427331596,0.4923563215550093,0.3662384607674578,0.9457181607922749,0.6979497381184128,5.397906738058497,1.7823060633053944,0.3301846715392584,0.08592369420273549,0.07499942109602832,0.1717748616307908,0.12178694446821316,0.46095457185557276,0.33404041812597185,0.8587812450566368,0.6275283793033647
115,test,,0.8630309104919434,54.40625,56.25,1.017578125,1.8330078125,2.05078125,19,8,2.603515625,4.12890625,2.6049468163493135,2.605131268417891,2.6053953170124178,2.6416233329991683,2.6187145305748554,2.6455336143798873,2.682076072345264,3.000185351198418,0.369140625,2.08203125,2.095703125,2.068359375,0.3249487039826657,0.42951758600082046,5.50434055893928,1.6903980219812094,0.30710273172250074,0.08914814264395154,0.05750667740901224,0.1537026078628987,0.08220066214866457,0.47371856662563605,0.2568521433301881,0.8294154719722853,0.4471342060514496,5.3927149344086605,1.6240171627359214,0.301150196605748,0.08297909505782641,0.05040081893387039,0.16545463352268275,0.08756007500432778,0.4318518713785213,0.23016970638854398,0.7646611002319723,0.402298405448747,17,8,2.23828125,4.328125,2.2389164100274708,2.2391140023492557,2.239355536817184,2.2786610159487446,2.1895541026463623,2.2192558667956956,2.2530566615849827,2.611034598545602,0.483154296875,2.134765625,2.14453125,0.4869049367022627,0.5769812109151102,1.8649996814496412,0.33882345423209753,0.09394415365194941,0.09308633699509801,0.16547322677879706,0.12452464546504587,0.4923569399691745,0.3777714654185905,0.945718779206441,0.7197501571914738,5.3927149344086605,1.7849513918798237,0.33099309227172286,0.08770418093501764,0.07839777049509206,0.17571157253069547,0.12901598313781654,0.4492831184787045,0.33315788418694414,0.8734057628623928,0.6361026720730266
116,test,,0.8132210373878479,53.71875,53.46875,1.013671875,1.83984375,2.05078125,18,8,2.638671875,4.12890625,2.6401276716975954,2.640305440105321,2.6405630329434873,2.676368731572416,2.5720270063127333,2.5997251262271925,2.6357062867175185,2.9624515444157904,0.360595703125,2.0625,2.099609375,2.181640625,0.3267103103357691,0.43723080015878185,5.50434055893928,1.7009502490881854,0.30901980552888775,0.08521708077868873,0.053820113383314626,0.15374039659474992,0.0807887537302532,0.47269076527310716,0.251770112243701,0.8252829156184891,0.43709601276343113,5.413585942218455,1.6408657951821013,0.3031014585703029,0.07232673952669266,0.04496794864785237,0.16103402905047126,0.08285498414426254,0.4624835589860581,0.2410495772975389,0.7742685286163296,0.40509217543189013,14,8,2.275390625,4.328125,2.275730228865558,2.2759239083872638,2.2761645440765306,2.3151271590215647,2.209798717931949,2.2398195591178363,2.274437081646928,2.63334065310326,0.474609375,2.109375,2.146484375,0.4822268178286787,0.5757441935199155,1.8695142257350135,0.3396436331866937,0.09075128634076624,0.08672908271100355,0.1643077581593868,0.12028381691459696,0.4923557863021628,0.36729799126280355,0.9457176255394275,0.6999533775164837,5.413585942218455,1.8033958142164321,0.3331240758833158,0.07744126140410756,0.07209490826288885,0.1702412773336306,0.12079713997264363,0.481521139782509,0.34782485247997874,0.8885550411473453,0.6452396296395573
117,test,,0.8914591670036316,53.25,55.5625,1.0107421875,1.8076171875,2.05078125,18,7,2.572265625,4.12890625,2.5687661181808585,2.5689513291321497,2.5692140362810214,2.6058907004962997,2.5715599925393913,2.599097664754624,2.6370169598867537,2.9609021768713166,0.376953125,2.09375,2.083984375,2.07421875,0.31381736745355376,0.41235178614602647,5.50434055893928,1.6982600671872414,0.30853106725549456,0.08794553944439265,0.058042266952783875,0.15044263912626743,0.08199303808042109,0.472556496899319,0.2611819115706866,0.8235176886145927,0.452498422516742,5.410144602316468,1.5931947918394975,0.2944828482324368,0.08956924036283631,0.05593993686660791,0.1537475591466464,0.0794780990692568,0.4486723818763947,0.23797662864936334,0.7318703193424279,0.39357907831404254,15,8,2.1953125,4.328125,2.192859773033605,2.1930647340175393,2.1933122575491675,2.233373928939146,2.1786378140778897,2.2086085434073404,2.2428469965642512,2.603227499611316,0.4931640625,2.146484375,2.1328125,0.48793683715839115,0.577135815384456,1.867691109750349,0.33931241894492525,0.09298387471033909,0.09621083183383894,0.16099480636273,0.12518224275842235,0.4923571373389013,0.3905848376918358,0.9457189765761651,0.7439584967634295,5.410144602316468,1.7549246921768717,0.32437667034361034,0.09552402638012047,0.08954351819011037,0.16217512951120128,0.11583232430528928,0.467944872087549,0.3463725959239375,0.8435283934196693,0.6365535027315622
118,test,,0.8879429697990417,51.15625,54.625,1.0068359375,1.8125,2.05078125,23,8,2.6796875,4.12890625,2.6771077364504854,2.677281709705515,2.67753687010431,2.7128305644892188,2.6352971812329966,2.662228901377551,2.698367723965498,3.0169033211367378,0.350830078125,2.044921875,2.10546875,2.13671875,0.30220711872657197,0.3961466373897871,5.50434055893928,1.68356709582517,0.30586172454227717,0.1125022425975235,0.06862925459022341,0.10090204526284641,0.05150956473565174,0.472916588519225,0.24460660404440823,0.8256417093014434,0.42471043212535087,5.4022087844941025,1.559178613163354,0.28861872529596533,0.1090339698195315,0.06185672151511541,0.11385994730534321,0.05596860059417184,0.44704842320691274,0.2209510631390409,0.7564401788067174,0.3707403408335975,18,8,2.330078125,4.328125,2.327140218214413,2.3273352516794246,2.3275825463582884,2.366158523068058,2.306391894526432,2.33552120660895,2.370244864392203,2.7186931605060733,0.461669921875,2.09375,2.154296875,0.48072266200939423,0.5741684949642414,1.857280736623161,0.33742111643271405,0.11901043861241867,0.10657647459513801,0.10780030192586576,0.07505464107202614,0.4923552090958152,0.34899733729645044,0.9457170483330808,0.6653394382083319,5.4022087844941025,1.7220080119831542,0.3187599888634097,0.11611653833969182,0.0931675138396801,0.12179653627136755,0.08023549831826313,0.465240365249767,0.30873408730136576,0.8652073702851455,0.567725909762348
119,test,,0.8497778177261353,53.71875,55.3125,1.0029296875,1.8330078125,2.05078125,18,8,2.595703125,4.12890625,2.5935317188059344,2.5937211625082295,2.593992262886519,2.6307879445266367,2.5686166274359783,2.595988132378941,2.6317428460165155,2.9567323753311605,0.371337890625,2.10546875,2.091796875,2.091796875,0.3244792078703803,0.4236918065472978,5.50434055893928,1.6764786421709914,0.3045739311039394,0.08999245669088385,0.057761355345585956,0.1419280232940725,0.07558898085031361,0.4724324853357622,0.2550784859362541,0.8231031638697566,0.44187739584220825,5.353510640118979,1.591085382244286,0.29720411318897183,0.09581273736974438,0.05897737393269271,0.1656315919654645,0.08596748636491461,0.41618810418819496,0.22273990820738468,0.7427766744468256,0.3938730791044126,14,8,2.232421875,4.328125,2.2325780136339617,2.2327813974736688,2.233030197492162,2.2728716087694303,2.2367778170504917,2.2663416769592675,2.3006845842439736,2.655497851278351,0.484130859375,2.158203125,2.14453125,0.4900697162239071,0.5774116794553328,1.8510548365613766,0.3362900272504371,0.0955681535851971,0.09316384563970488,0.15210363046158104,0.11305195731371014,0.49235714807996445,0.37302280147815503,0.9457189873172274,0.7107749235739317,5.353510640118979,1.75091096980826,0.32705846453110754,0.10153054778472459,0.09248805465848636,0.1765865588707527,0.12614418445347939,0.43384587221198423,0.323355745844254,0.8516808335540516,0.6266818741820708
120,test,,0.8621042966842651,52.53125,53.25,1.0,1.8359375,2.05078125,18,8,2.60546875,4.12890625,2.6060255470199114,2.6062115145414873,2.606478341044018,2.642850617413979,2.5232081622100195,2.5512528883441554,2.5860137306410778,2.9183390512234153,0.36865234375,2.078125,2.087890625,2.09765625,0.3205167699933321,0.42788278984268274,5.50434055893928,1.6925436917590018,0.3074925458618726,0.09389681460265642,0.06056443270814917,0.14628506304407463,0.07822788309432618,0.4721020580438511,0.25595623347371865,0.8217396541551016,0.44296276957633335,5.383736188898517,1.5877166244909842,0.29490981147347456,0.07617767225672445,0.04620483409889094,0.13849018257601475,0.07211152265754221,0.43870687427678323,0.2288677878577219,0.7460150279577791,0.39275803115850066,12,8,2.240234375,4.328125,2.2400748821272622,2.2402741896203517,2.2405193404323485,2.280009584336758,2.266655255164758,2.296113105973873,2.3306795154324402,2.683294416727565,0.482666015625,2.126953125,2.134765625,0.4857253640796581,0.5766081216671937,1.8722309917325886,0.3401372011206696,0.1007213761037038,0.09982920846883285,0.15984291321920896,0.12031282977356592,0.49235711373511304,0.37785227414862504,0.9457189529723804,0.7199027521402567,5.383736188898517,1.755535024116201,0.3260811753250811,0.08146821481022126,0.07308848676087791,0.15008360437544788,0.10824973813349982,0.4574067580981245,0.3307788563651723,0.8565845509741621,0.6273567380153805
